89.05     39.633
89.225     39.595
89.288     39.508
89.35     39.422
89.413     39.335
89.475     39.249
89.538     39.162
89.6     39.076
89.775     39.037
89.95     38.999
90.008     38.912
90.071     38.825
90.133     38.738
90.192     38.652
90.254     38.565
90.313     38.478
90.488     38.439
90.658     38.4
90.721     38.313
90.779     38.226
90.837     38.139
90.9     38.052
90.958     37.964
91.017     37.878
91.079     37.79
91.137     37.703
91.196     37.616
91.254     37.529
91.425     37.489
91.596     37.449
91.767     37.409
91.875     37.456
91.988     37.502
92.158     37.461
92.325     37.421
92.496     37.379
92.663     37.338
92.833     37.297
93     37.255
93.171     37.213
93.338     37.171
93.508     37.129
93.563     37.041
93.621     36.954
93.675     36.866
93.729     36.778
93.788     36.69
93.842     36.602
93.896     36.514
93.954     36.427
94.121     36.384
94.288     36.341
94.342     36.253
94.396     36.165
94.563     36.122
94.725     36.079
94.779     35.991
94.833     35.903
95     35.86
95.163     35.816
95.329     35.772
95.492     35.728
95.658     35.684
95.821     35.64
95.983     35.596
96.146     35.551
96.308     35.507
96.475     35.462
96.638     35.417
96.8     35.372
96.963     35.327
97.125     35.282
97.175     35.193
97.225     35.105
97.387     35.059
97.654     34.837
97.6     34.925
97.804     34.571
97.754     34.659
97.854     34.483
97.904     34.394
98.067     34.348
98.225     34.302
98.387     34.256
98.546     34.209
98.654     34.252
98.817     34.205
98.975     34.159
99.133     34.112
99.292     34.065
99.45     34.018
99.608     33.971
99.767     33.924
99.817     33.835
99.867     33.746
100.021     33.699
100.179     33.651
100.338     33.604
100.496     33.556
100.542     33.467
100.592     33.378
100.746     33.331
100.904     33.283
100.95     33.194
101     33.105
101.154     33.057
101.313     33.009
101.358     32.92
101.404     32.831
101.563     32.783
101.717     32.735
101.763     32.646
101.808     32.557
101.854     32.468
101.9     32.379
101.95     32.291
101.996     32.202
102.15     32.154
102.304     32.105
102.35     32.016
102.396     31.928
102.442     31.839
102.488     31.75
102.533     31.661
102.579     31.572
102.625     31.484
102.671     31.395
102.821     31.346
102.975     31.297
103.021     31.209
103.067     31.12
103.113     31.031
103.154     30.942
103.2     30.853
103.246     30.765
103.292     30.676
103.337     30.587
103.383     30.498
103.425     30.41
103.471     30.321
103.517     30.232
103.563     30.143
103.604     30.054
103.65     29.966
103.696     29.877
103.742     29.788
103.783     29.699
103.829     29.611
103.875     29.522
103.917     29.433
103.963     29.344
104.008     29.256
104.05     29.167
104.096     29.078
104.142     28.99
104.183     28.901
104.229     28.812
104.275     28.723
104.317     28.635
104.363     28.546
104.408     28.457
104.45     28.369
104.496     28.28
104.538     28.191
104.583     28.103
104.629     28.014
104.671     27.925
104.717     27.836
104.758     27.748
104.908     27.699
105.054     27.651
105.096     27.562
105.142     27.473
105.183     27.384
105.229     27.296
105.271     27.207
105.317     27.118
105.463     27.07
105.608     27.021
105.654     26.933
105.696     26.844
105.738     26.755
105.783     26.667
105.929     26.618
106.075     26.569
106.117     26.481
106.158     26.392
106.304     26.344
106.45     26.295
106.492     26.206
106.538     26.118
106.679     26.069
106.825     26.02
106.867     25.932
106.913     25.843
107.054     25.794
107.2     25.746
107.342     25.697
107.488     25.648
107.529     25.559
107.571     25.471
107.717     25.422
107.858     25.373
107.9     25.285
107.942     25.196
107.983     25.108
108.025     25.02
108.171     24.971
108.313     24.922
108.354     24.834
108.396     24.745
108.438     24.657
108.479     24.569
108.521     24.481
108.563     24.392
108.604     24.304
108.646     24.216
108.688     24.128
108.629     24
108.571     23.872
108.613     23.784
108.654     23.696
108.596     23.568
108.538     23.439
108.579     23.351
108.621     23.263
108.563     23.135
108.504     23.006
108.446     22.878
108.388     22.75
108.333     22.621
108.275     22.493
108.217     22.364
108.163     22.235
108.104     22.106
108.05     21.977
107.992     21.848
107.938     21.719
107.883     21.59
107.825     21.461
107.771     21.331
107.717     21.202
107.663     21.072
107.604     20.943
107.55     20.813
107.496     20.683
107.442     20.554
107.388     20.424
107.333     20.294
107.279     20.164
107.229     20.033
107.175     19.903
107.121     19.773
107.067     19.643
107.017     19.512
106.917     19.47
106.821     19.428
106.771     19.298
106.717     19.167
106.667     19.036
106.613     18.905
106.562     18.774
106.508     18.644
106.458     18.513
106.404     18.381
106.354     18.25
106.304     18.119
106.25     17.988
106.2     17.856
106.15     17.725
106.1     17.594
106.05     17.462
106.092     17.374
106.137     17.285
106.087     17.153
106.038     17.022
105.988     16.89
105.938     16.758
105.979     16.67
106.025     16.581
105.975     16.449
105.925     16.317
105.971     16.229
106.013     16.14
105.967     16.008
105.917     15.876
105.958     15.788
106.004     15.699
105.954     15.567
105.904     15.435
105.95     15.346
105.996     15.258
105.946     15.126
105.896     14.993
105.942     14.905
105.988     14.816
105.938     14.684
105.892     14.552
105.933     14.463
105.979     14.374
105.929     14.242
105.883     14.109
105.925     14.021
105.971     13.932
105.925     13.8
105.875     13.667
105.829     13.535
105.779     13.402
105.825     13.313
105.871     13.225
105.821     13.092
105.775     12.959
105.729     12.826
105.679     12.694
105.633     12.561
105.588     12.428
105.633     12.339
105.675     12.251
105.629     12.118
105.583     11.984
105.538     11.851
105.492     11.718
105.533     11.63
105.579     11.541
105.533     11.408
105.488     11.275
105.533     11.186
105.579     11.098
105.529     10.964
105.483     10.831
105.529     10.742
105.667     10.698
105.804     10.654
105.846     10.566
105.892     10.477
105.938     10.389
105.983     10.3
106.025     10.211
106.071     10.123
106.117     10.034
106.163     9.946
106.296     9.902
106.433     9.858
106.479     9.769
106.525     9.681
106.567     9.592
106.613     9.504
106.658     9.415
106.704     9.327
106.837     9.283
106.975     9.239
107.017     9.151
107.063     9.062
107.108     8.974
107.154     8.885
107.196     8.797
107.242     8.708
107.288     8.62
107.333     8.531
107.379     8.443
107.421     8.355
107.467     8.266
107.513     8.178
107.558     8.089
107.6     8.001
107.646     7.913
107.692     7.824
107.825     7.781
107.963     7.738
108.004     7.649
108.05     7.561
108.096     7.473
108.142     7.384
108.183     7.296
108.229     7.208
108.367     7.164
108.5     7.121
108.546     7.033
108.588     6.944
108.633     6.856
108.679     6.768
108.813     6.725
108.95     6.682
108.992     6.594
109.038     6.505
109.083     6.417
109.129     6.329
109.171     6.241
109.217     6.153
109.263     6.065
109.308     5.976
109.442     5.934
109.575     5.891
109.621     5.803
109.667     5.715
109.713     5.627
109.754     5.539
109.8     5.451
109.846     5.363
109.892     5.274
109.938     5.187
109.979     5.099
110.025     5.011
110.071     4.923
110.117     4.835
110.158     4.747
110.204     4.659
110.25     4.571
110.296     4.483
110.342     4.395
110.387     4.307
110.429     4.219
110.387     4.086
110.342     3.953
110.387     3.864
110.433     3.777
110.479     3.689
110.525     3.601
110.479     3.467
110.438     3.334
110.479     3.246
110.525     3.158
110.483     3.024
110.438     2.891
110.483     2.803
110.529     2.715
110.488     2.581
110.442     2.448
110.488     2.359
110.533     2.272
110.492     2.138
110.446     2.004
110.492     1.916
110.538     1.828
110.496     1.694
110.45     1.56
110.496     1.473
110.542     1.384
110.587     1.297
110.633     1.209
110.592     1.075
110.55     0.941
110.596     0.853
110.642     0.765
110.733     0.589
110.779     0.502
110.825     0.414
110.783     0.28
110.738     0.146
110.783     0.058
110.829     -0.03
110.875     -0.118
110.921     -0.205
110.971     -0.293
111.017     -0.381
111.063     -0.469
111.108     -0.556
111.154     -0.644
111.2     -0.732
111.246     -0.819
111.292     -0.907
111.338     -0.995
111.383     -1.082
111.429     -1.17
111.479     -1.258
111.433     -1.392
111.392     -1.527
111.438     -1.614
111.488     -1.702
111.533     -1.789
111.579     -1.877
111.625     -1.965
111.671     -2.052
111.629     -2.187
111.588     -2.321
111.633     -2.409
111.683     -2.496
111.729     -2.584
111.775     -2.672
111.821     -2.759
111.867     -2.847
111.917     -2.934
111.963     -3.022
112.008     -3.109
112.054     -3.197
112.013     -3.331
111.971     -3.466
112.021     -3.554
112.067     -3.641
112.113     -3.729
112.163     -3.816
112.208     -3.903
112.254     -3.991
112.213     -4.126
112.171     -4.261
112.221     -4.348
112.267     -4.435
112.313     -4.523
112.363     -4.61
112.408     -4.698
112.454     -4.785
112.504     -4.872
112.55     -4.96
112.6     -5.047
112.646     -5.134
112.692     -5.222
112.742     -5.309
112.788     -5.396
112.838     -5.484
112.883     -5.571
112.929     -5.658
112.979     -5.745
113.025     -5.832
113.075     -5.92
113.208     -5.959
113.346     -5.998
113.396     -6.085
113.442     -6.172
113.538     -6.347
113.587     -6.434
113.633     -6.521
113.683     -6.608
113.729     -6.695
113.779     -6.782
113.825     -6.869
113.875     -6.956
113.921     -7.043
113.971     -7.13
114.021     -7.217
114.067     -7.303
114.117     -7.39
114.163     -7.477
114.213     -7.564
114.263     -7.651
114.308     -7.738
114.358     -7.825
114.408     -7.911
114.454     -7.998
114.417     -8.134
114.375     -8.269
114.425     -8.356
114.475     -8.442
114.521     -8.529
114.571     -8.616
114.621     -8.703
114.671     -8.789
114.717     -8.876
114.767     -8.963
114.817     -9.049
114.867     -9.136
114.913     -9.223
114.963     -9.309
114.925     -9.445
114.888     -9.58
114.933     -9.667
114.983     -9.754
115.033     -9.84
115.083     -9.927
115.133     -10.013
115.183     -10.1
115.233     -10.186
115.283     -10.273
115.242     -10.409
115.204     -10.544
115.254     -10.631
115.304     -10.717
115.354     -10.804
115.404     -10.89
115.454     -10.977
115.504     -11.063
115.463     -11.199
115.425     -11.335
115.475     -11.421
115.525     -11.507
115.575     -11.594
115.625     -11.68
115.675     -11.767
115.725     -11.853
115.688     -11.989
115.65     -12.125
115.7     -12.211
115.75     -12.297
115.8     -12.384
115.854     -12.47
115.904     -12.556
115.954     -12.643
115.917     -12.779
115.879     -12.915
115.929     -13.001
115.979     -13.087
116.029     -13.174
116.079     -13.26
116.133     -13.346
116.183     -13.432
116.233     -13.518
116.288     -13.604
116.338     -13.691
116.479     -13.727
116.617     -13.762
116.671     -13.848
116.721     -13.934
116.771     -14.02
116.825     -14.106
116.875     -14.192
116.925     -14.278
117.067     -14.314
117.208     -14.349
117.263     -14.434
117.313     -14.52
117.454     -14.555
117.596     -14.59
117.646     -14.676
117.7     -14.761
117.842     -14.796
117.983     -14.831
118.033     -14.916
118.088     -15.001
118.138     -15.087
118.192     -15.172
118.333     -15.206
118.475     -15.241
118.529     -15.326
118.579     -15.411
118.633     -15.496
118.688     -15.581
118.829     -15.615
118.971     -15.648
119.025     -15.733
119.079     -15.818
119.129     -15.903
119.183     -15.988
119.325     -16.021
119.471     -16.054
119.525     -16.139
119.575     -16.224
119.629     -16.309
119.683     -16.393
119.738     -16.478
119.792     -16.563
119.846     -16.647
119.9     -16.732
120.042     -16.764
120.187     -16.796
120.242     -16.881
120.296     -16.965
120.35     -17.05
120.404     -17.134
120.55     -17.166
120.692     -17.197
120.746     -17.282
120.8     -17.366
120.946     -17.397
121.087     -17.428
121.146     -17.512
121.2     -17.596
121.342     -17.627
121.488     -17.658
121.542     -17.741
121.6     -17.825
121.742     -17.856
121.888     -17.886
121.942     -17.969
122     -18.053
122.142     -18.083
122.288     -18.112
122.433     -18.142
122.575     -18.171
122.633     -18.255
122.687     -18.338
122.833     -18.367
122.979     -18.396
123.125     -18.425
123.271     -18.453
123.325     -18.536
123.383     -18.619
123.529     -18.647
123.675     -18.675
123.729     -18.758
123.788     -18.84
123.846     -18.923
123.904     -19.006
124.05     -19.033
124.192     -19.06
124.25     -19.143
124.308     -19.225
124.425     -19.389
124.483     -19.472
124.542     -19.554
124.688     -19.581
124.833     -19.607
124.892     -19.689
124.95     -19.771
125.096     -19.797
125.242     -19.823
125.3     -19.905
125.358     -19.986
125.417     -20.068
125.479     -20.149
125.538     -20.231
125.596     -20.313
125.654     -20.394
125.713     -20.476
125.771     -20.557
125.833     -20.638
125.892     -20.72
125.95     -20.801
126.1     -20.826
126.246     -20.85
126.308     -20.931
126.367     -21.012
126.425     -21.093
126.487     -21.174
126.546     -21.255
126.608     -21.336
126.754     -21.36
126.904     -21.383
126.967     -21.464
127.025     -21.545
127.088     -21.625
127.146     -21.706
127.208     -21.786
127.271     -21.867
127.329     -21.947
127.392     -22.028
127.454     -22.108
127.512     -22.188
127.575     -22.269
127.638     -22.349
127.7     -22.429
127.763     -22.509
127.821     -22.589
127.883     -22.669
127.946     -22.749
128.008     -22.829
128.158     -22.851
128.308     -22.872
128.371     -22.952
128.433     -23.032
128.5     -23.111
128.563     -23.191
128.625     -23.271
128.688     -23.35
128.75     -23.429
128.813     -23.509
128.875     -23.588
128.942     -23.667
129.004     -23.747
129.067     -23.826
129.129     -23.905
129.196     -23.984
129.258     -24.064
129.321     -24.143
129.388     -24.222
129.45     -24.301
129.517     -24.38
129.579     -24.459
129.646     -24.537
129.708     -24.616
129.775     -24.695
129.838     -24.774
129.904     -24.852
129.971     -24.931
130.033     -25.009
130.1     -25.088
130.167     -25.166
130.233     -25.245
130.296     -25.323
130.363     -25.402
130.429     -25.48
130.496     -25.558
130.563     -25.636
130.629     -25.714
130.692     -25.792
130.758     -25.871
130.825     -25.949
130.804     -26.087
130.783     -26.226
130.85     -26.304
130.917     -26.382
130.983     -26.46
131.054     -26.538
131.121     -26.616
131.187     -26.694
131.254     -26.771
131.325     -26.849
131.392     -26.926
131.458     -27.004
131.438     -27.143
131.417     -27.282
131.488     -27.36
131.554     -27.437
131.625     -27.515
131.692     -27.592
131.675     -27.731
131.654     -27.871
131.721     -27.948
131.792     -28.025
131.863     -28.102
131.929     -28.179
131.913     -28.319
131.892     -28.458
131.962     -28.535
132.033     -28.612
132.013     -28.752
131.996     -28.891
132.067     -28.968
132.133     -29.046
132.117     -29.185
132.096     -29.324
132.171     -29.402
132.242     -29.478
132.221     -29.618
132.204     -29.758
132.275     -29.835
132.346     -29.911
132.329     -30.051
132.308     -30.191
132.292     -30.331
132.275     -30.47
132.346     -30.547
132.417     -30.624
132.4     -30.764
132.383     -30.904
132.454     -30.98
132.529     -31.057
132.513     -31.197
132.492     -31.337
132.567     -31.414
132.642     -31.49
132.625     -31.63
132.604     -31.77
132.679     -31.847
132.754     -31.923
132.738     -32.063
132.721     -32.203
132.796     -32.28
132.871     -32.356
132.854     -32.496
132.838     -32.636
132.913     -32.713
132.987     -32.789
132.971     -32.929
132.954     -33.069
133.029     -33.146
133.104     -33.222
133.088     -33.362
133.071     -33.502
133.15     -33.578
133.225     -33.655
133.208     -33.795
133.196     -33.935
133.271     -34.011
133.346     -34.087
133.333     -34.227
133.317     -34.368
133.396     -34.444
133.471     -34.52
133.55     -34.596
133.629     -34.672
133.704     -34.747
133.783     -34.823
133.771     -34.964
133.754     -35.104
133.833     -35.18
133.913     -35.255
133.992     -35.331
134.071     -35.406
134.15     -35.482
134.321     -35.492
134.496     -35.502
134.575     -35.577
134.654     -35.652
134.738     -35.726
134.817     -35.801
134.987     -35.81
135.163     -35.819
135.246     -35.893
135.325     -35.968
135.404     -36.042
135.488     -36.116
135.663     -36.124
135.838     -36.132
135.917     -36.206
136     -36.279
136.083     -36.353
136.167     -36.427
136.342     -36.434
136.517     -36.44
136.596     -36.513
136.679     -36.586
136.763     -36.659
136.846     -36.733
137.025     -36.738
137.2     -36.743
137.283     -36.816
137.367     -36.888
137.45     -36.961
137.538     -37.034
137.621     -37.106
137.704     -37.178
137.883     -37.182
138.058     -37.186
138.146     -37.257
138.229     -37.329
138.317     -37.401
138.404     -37.473
138.488     -37.544
138.575     -37.616
138.663     -37.687
138.75     -37.759
138.838     -37.83
138.925     -37.902
139.013     -37.973
139.1     -38.044
139.188     -38.115
139.275     -38.186
139.363     -38.257
139.45     -38.327
139.538     -38.398
139.629     -38.469
139.717     -38.539
139.804     -38.609
139.896     -38.68
139.892     -38.821
139.892     -38.961
139.983     -39.032
140.071     -39.102
140.163     -39.172
140.254     -39.242
140.346     -39.312
140.433     -39.382
140.433     -39.522
140.433     -39.663
140.525     -39.733
140.617     -39.803
140.713     -39.872
140.804     -39.942
140.896     -40.011
140.987     -40.08
140.992     -40.221
140.992     -40.362
141.083     -40.431
141.179     -40.5
141.271     -40.569
141.367     -40.638
141.458     -40.707
141.554     -40.776
141.558     -40.917
141.563     -41.057
141.654     -41.126
141.842     -41.122
142.029     -41.118
142.125     -41.186
142.221     -41.254
142.317     -41.323
142.413     -41.39
142.513     -41.458
142.608     -41.526
142.704     -41.594
142.8     -41.661
142.992     -41.655
143.179     -41.649
143.275     -41.716
143.375     -41.782
143.471     -41.849
143.571     -41.916
143.671     -41.983
143.771     -42.049
143.867     -42.116
143.967     -42.182
144.067     -42.248
144.167     -42.314
144.267     -42.38
144.367     -42.446
144.467     -42.512
144.571     -42.578
144.671     -42.643
144.771     -42.709
144.875     -42.774
144.975     -42.839
145.075     -42.904
145.179     -42.97
145.283     -43.034
145.383     -43.099
145.488     -43.164
145.5     -43.305
145.517     -43.445
145.617     -43.51
145.721     -43.574
145.825     -43.639
145.933     -43.703
146.037     -43.767
146.142     -43.831
146.246     -43.895
146.35     -43.959
146.458     -44.022
146.563     -44.086
146.671     -44.149
146.775     -44.213
146.883     -44.276
147.079     -44.262
147.275     -44.247
147.383     -44.31
147.487     -44.373
147.596     -44.435
147.704     -44.497
147.813     -44.56
147.921     -44.622
148.029     -44.684
148.142     -44.746
148.25     -44.807
148.358     -44.869
148.554     -44.852
148.754     -44.834
148.862     -44.896
148.975     -44.956
149.083     -45.017
149.196     -45.078
149.308     -45.138
149.417     -45.199
149.617     -45.18
149.812     -45.16
149.925     -45.22
150.038     -45.28
150.15     -45.339
150.263     -45.399
150.375     -45.458
150.492     -45.517
150.688     -45.496
150.888     -45.474
151     -45.533
151.113     -45.591
151.229     -45.65
151.342     -45.708
151.458     -45.766
151.575     -45.824
151.771     -45.8
151.971     -45.776
152.088     -45.834
152.204     -45.891
152.321     -45.948
152.438     -46.005
152.554     -46.062
152.671     -46.118
152.788     -46.175
152.904     -46.231
153.021     -46.287
153.142     -46.344
153.342     -46.317
153.542     -46.29
153.658     -46.345
153.779     -46.401
153.896     -46.456
154.017     -46.511
154.138     -46.566
154.258     -46.62
154.458     -46.591
154.658     -46.562
154.779     -46.616
154.9     -46.67
155.142     -46.777
155.263     -46.831
155.383     -46.884
155.583     -46.853
155.783     -46.822
155.908     -46.874
156.029     -46.927
156.229     -46.894
156.429     -46.861
156.554     -46.913
156.675     -46.965
156.8     -47.017
156.921     -47.068
157.121     -47.034
157.321     -46.999
157.446     -47.05
157.571     -47.1
157.696     -47.151
157.821     -47.201
158.021     -47.165
158.221     -47.129
158.346     -47.178
158.471     -47.227
158.596     -47.277
158.725     -47.326
158.921     -47.288
159.121     -47.25
159.25     -47.298
159.375     -47.346
159.575     -47.307
159.771     -47.267
159.9     -47.315
160.029     -47.363
160.154     -47.41
160.283     -47.457
160.483     -47.416
160.679     -47.374
160.808     -47.421
160.938     -47.467
161.067     -47.513
161.196     -47.559
161.325     -47.604
161.454     -47.65
161.65     -47.607
161.85     -47.563
161.979     -47.607
162.108     -47.652
162.304     -47.607
162.504     -47.562
162.633     -47.606
162.763     -47.65
162.896     -47.694
163.025     -47.737
163.221     -47.691
163.421     -47.643
163.55     -47.686
163.683     -47.729
163.813     -47.771
163.946     -47.813
164.142     -47.765
164.337     -47.716
164.471     -47.757
164.604     -47.799
164.733     -47.84
164.867     -47.881
165     -47.921
165.133     -47.962
165.271     -48.002
165.404     -48.042
165.538     -48.082
165.671     -48.122
165.808     -48.162
165.942     -48.201
166.075     -48.241
166.212     -48.28
166.346     -48.319
166.483     -48.357
166.621     -48.396
166.754     -48.434
166.892     -48.472
167.029     -48.51
167.167     -48.548
167.304     -48.585
167.442     -48.623
167.579     -48.66
167.717     -48.697
167.854     -48.734
167.992     -48.77
168.129     -48.807
168.271     -48.843
168.408     -48.879
168.546     -48.914
168.687     -48.95
168.879     -48.892
169.075     -48.834
169.213     -48.869
169.354     -48.903
169.546     -48.844
169.742     -48.784
169.933     -48.724
170.125     -48.664
170.263     -48.697
170.404     -48.731
170.592     -48.669
170.783     -48.607
170.925     -48.64
171.063     -48.672
171.204     -48.704
171.346     -48.736
171.533     -48.673
171.721     -48.609
171.862     -48.64
172.004     -48.671
172.146     -48.702
172.283     -48.732
172.425     -48.762
172.567     -48.792
172.754     -48.727
172.942     -48.661
173.083     -48.69
173.225     -48.719
173.367     -48.748
173.508     -48.777
173.65     -48.805
173.792     -48.833
173.933     -48.861
174.079     -48.889
174.221     -48.917
174.363     -48.944
174.55     -48.875
174.733     -48.806
174.875     -48.832
175.021     -48.859
175.163     -48.885
175.304     -48.911
175.45     -48.937
175.592     -48.962
175.737     -48.988
175.879     -49.013
176.025     -49.038
176.171     -49.062
176.313     -49.087
176.458     -49.111
176.604     -49.135
176.746     -49.159
176.892     -49.183
177.038     -49.206
177.183     -49.229
177.329     -49.252
177.475     -49.275
177.621     -49.297
177.767     -49.32
177.913     -49.342
178.058     -49.364
178.204     -49.385
178.35     -49.407
178.5     -49.428
178.646     -49.449
178.792     -49.47
178.937     -49.49
179.088     -49.511
179.233     -49.531
179.35     -49.649
179.467     -49.766
179.617     -49.786
179.763     -49.805
179.883     -49.922
180     -50.039
180.121     -50.156
180.242     -50.273
180.363     -50.389
180.488     -50.506
180.608     -50.622
180.579     -50.721
180.55     -50.819
180.675     -50.935
180.8     -51.051
180.925     -51.167
181.079     -51.184
181.233     -51.202
181.388     -51.218
181.542     -51.235
181.696     -51.251
181.854     -51.267
182.008     -51.283
182.163     -51.299
182.292     -51.413
182.425     -51.527
182.579     -51.542
182.737     -51.557
182.867     -51.671
183     -51.784
183.158     -51.798
183.317     -51.812
183.454     -51.925
183.587     -52.037
183.746     -52.051
183.904     -52.063
184.042     -52.175
184.183     -52.287
184.342     -52.299
184.5     -52.312
184.642     -52.423
184.783     -52.534
184.925     -52.644
185.067     -52.755
185.213     -52.865
185.354     -52.976
185.521     -52.986
185.683     -52.996
185.829     -53.106
185.975     -53.215
186.125     -53.324
186.271     -53.433
186.437     -53.442
186.604     -53.451
186.754     -53.559
186.904     -53.667
187.071     -53.676
187.238     -53.683
187.404     -53.691
187.571     -53.698
187.738     -53.706
187.904     -53.712
188.071     -53.719
188.237     -53.725
188.404     -53.731
188.579     -53.637
188.754     -53.543
188.921     -53.548
189.088     -53.553
189.254     -53.558
189.421     -53.562
189.592     -53.467
189.767     -53.371
189.929     -53.375
190.096     -53.378
190.263     -53.381
190.429     -53.384
190.596     -53.287
190.767     -53.189
190.929     -53.192
191.096     -53.194
191.258     -53.195
191.425     -53.197
191.588     -53.198
191.917     -53.199
192.083     -53.2
192.25     -53.2
192.413     -53.3
192.579     -53.399
192.746     -53.399
192.908     -53.398
193.079     -53.497
193.246     -53.595
193.417     -53.694
193.588     -53.792
193.758     -53.889
193.929     -53.987
194.104     -54.084
194.275     -54.181
194.45     -54.278
194.458     -54.377
194.462     -54.477
194.642     -54.574
194.812     -54.57
194.983     -54.566
195.158     -54.661
195.338     -54.757
195.513     -54.752
195.675     -54.647
195.833     -54.541
196.004     -54.536
196.175     -54.53
196.346     -54.524
196.517     -54.517
196.687     -54.511
196.854     -54.503
197.013     -54.396
197.171     -54.289
197.338     -54.281
197.508     -54.274
197.675     -54.265
197.846     -54.257
198.013     -54.248
198.183     -54.239
198.333     -54.13
198.488     -54.021
198.654     -54.011
198.821     -54.001
198.971     -53.891
199.121     -53.781
199.288     -53.771
199.45     -53.76
199.617     -53.748
199.783     -53.737
199.95     -53.725
200.117     -53.713
200.283     -53.701
200.446     -53.688
200.592     -53.576
200.733     -53.464
200.9     -53.451
200.979     -74.337
200.667     -74.45
200.354     -74.562
200.038     -74.673
199.713     -74.784
199.342     -74.795
198.971     -74.806
198.6     -74.816
198.229     -74.826
197.858     -74.835
197.488     -74.843
197.113     -74.851
196.742     -74.858
196.367     -74.865
195.996     -74.871
195.621     -74.876
195.246     -74.881
194.871     -74.886
194.496     -74.889
194.121     -74.893
193.746     -74.895
193.375     -74.897
193     -74.899
192.625     -74.899
192.25     -74.9
191.871     -74.899
191.496     -74.899
191.121     -74.897
190.75     -74.895
190.375     -74.893
190     -74.889
189.625     -74.886
189.267     -74.781
188.917     -74.677
188.546     -74.671
188.179     -74.665
187.833     -74.559
187.496     -74.452
187.133     -74.444
186.771     -74.436
186.442     -74.328
186.117     -74.219
185.796     -74.11
185.479     -74
185.167     -73.89
184.858     -73.779
184.508     -73.768
184.163     -73.756
183.813     -73.743
183.467     -73.729
183.121     -73.716
182.721     -73.8
182.317     -73.884
181.971     -73.869
181.621     -73.852
181.212     -73.934
180.8     -74.015
180.45     -73.997
180.1     -73.979
179.754     -73.96
179.404     -73.941
178.983     -74.018
178.558     -74.096
178.213     -74.074
177.863     -74.052
177.517     -74.03
177.171     -74.007
176.825     -73.984
176.483     -73.96
176.142     -73.936
175.8     -73.911
175.458     -73.886
175.117     -73.859
174.779     -73.833
174.442     -73.806
174.104     -73.779
173.771     -73.751
173.329     -73.818
172.888     -73.884
172.554     -73.855
172.217     -73.825
171.771     -73.889
171.321     -73.952
170.987     -73.92
170.654     -73.888
170.325     -73.855
169.996     -73.821
169.542     -73.881
169.083     -73.94
168.754     -73.905
168.425     -73.869
168.1     -73.833
167.775     -73.797
167.313     -73.852
166.85     -73.907
166.529     -73.868
166.204     -73.83
165.888     -73.79
165.567     -73.751
165.25     -73.711
164.933     -73.67
164.467     -73.72
164     -73.769
163.688     -73.726
163.375     -73.684
162.904     -73.73
162.433     -73.776
162.125     -73.731
161.817     -73.686
161.342     -73.73
160.867     -73.772
160.563     -73.726
160.258     -73.679
159.954     -73.631
159.654     -73.584
159.354     -73.536
159.058     -73.487
158.763     -73.439
158.467     -73.389
158.175     -73.34
157.883     -73.29
157.596     -73.24
157.308     -73.189
157.021     -73.138
156.917     -73.002
156.817     -72.865
156.533     -72.814
156.258     -72.762
155.704     -72.657
155.433     -72.604
155.158     -72.55
155.071     -72.413
154.983     -72.276
154.721     -72.222
154.454     -72.168
154.192     -72.113
153.929     -72.058
153.667     -72.003
153.408     -71.947
153.154     -71.892
152.896     -71.836
152.825     -71.698
152.758     -71.56
152.508     -71.503
152.258     -71.446
152.192     -71.308
152.129     -71.17
151.883     -71.112
151.642     -71.055
151.4     -70.997
151.158     -70.939
150.921     -70.88
150.683     -70.821
150.629     -70.683
150.575     -70.544
150.346     -70.485
150.113     -70.426
150.063     -70.287
150.013     -70.148
149.967     -70.009
149.917     -69.87
149.696     -69.81
149.471     -69.75
149.425     -69.611
149.383     -69.472
149.163     -69.411
148.946     -69.35
148.904     -69.211
148.862     -69.072
148.65     -69.011
148.437     -68.949
148.225     -68.888
148.013     -68.826
147.979     -68.687
147.942     -68.547
147.738     -68.485
147.529     -68.422
147.325     -68.36
147.121     -68.297
146.917     -68.234
146.717     -68.171
146.517     -68.107
146.317     -68.044
146.292     -67.904
146.267     -67.764
146.071     -67.7
145.875     -67.636
145.85     -67.496
145.829     -67.356
145.638     -67.292
145.446     -67.227
145.254     -67.163
145.067     -67.097
144.879     -67.032
144.692     -66.967
144.504     -66.901
144.317     -66.836
144.304     -66.696
144.288     -66.555
144.104     -66.489
143.925     -66.423
143.913     -66.283
143.9     -66.143
143.721     -66.076
143.542     -66.01
143.533     -65.87
143.521     -65.729
143.346     -65.663
143.171     -65.596
142.996     -65.529
142.825     -65.461
142.65     -65.394
142.479     -65.326
142.308     -65.258
142.142     -65.19
141.971     -65.122
141.804     -65.053
141.638     -64.985
141.471     -64.916
141.304     -64.847
141.142     -64.778
140.975     -64.709
140.813     -64.64
140.65     -64.57
140.487     -64.501
140.329     -64.431
140.167     -64.361
140.171     -64.221
140.175     -64.08
140.021     -64.01
139.863     -63.94
139.704     -63.869
139.55     -63.799
139.396     -63.728
139.242     -63.657
139.088     -63.586
138.933     -63.515
138.942     -63.375
138.954     -63.235
138.8     -63.164
138.65     -63.092
138.504     -63.021
138.354     -62.949
138.204     -62.877
138.058     -62.805
137.913     -62.733
137.767     -62.661
137.475     -62.516
137.329     -62.444
137.187     -62.371
137.204     -62.231
137.217     -62.091
137.075     -62.018
136.938     -61.945
136.796     -61.872
136.654     -61.799
136.517     -61.725
136.379     -61.652
136.237     -61.578
136.1     -61.504
135.967     -61.431
135.829     -61.357
135.85     -61.217
135.871     -61.077
135.733     -61.003
135.6     -60.929
135.467     -60.854
135.333     -60.78
135.354     -60.64
135.379     -60.5
135.246     -60.426
135.117     -60.351
134.983     -60.276
134.854     -60.202
134.879     -60.061
134.9     -59.921
134.771     -59.847
134.642     -59.772
134.517     -59.697
134.388     -59.622
134.413     -59.482
134.437     -59.341
134.313     -59.266
134.188     -59.191
134.063     -59.116
133.937     -59.04
133.813     -58.964
133.692     -58.889
133.567     -58.813
133.446     -58.737
133.325     -58.661
133.204     -58.585
133.083     -58.509
132.962     -58.432
132.842     -58.356
132.725     -58.28
132.754     -58.14
132.779     -58
132.663     -57.924
132.546     -57.847
132.429     -57.77
132.313     -57.694
132.196     -57.617
132.079     -57.54
131.967     -57.463
131.85     -57.386
131.738     -57.308
131.621     -57.231
131.508     -57.154
131.396     -57.076
131.283     -56.998
131.171     -56.921
131.058     -56.843
130.946     -56.765
130.838     -56.687
130.725     -56.609
130.617     -56.531
130.508     -56.453
130.396     -56.375
130.288     -56.296
130.179     -56.218
130.071     -56.14
129.963     -56.061
129.858     -55.982
129.75     -55.904
129.646     -55.825
129.538     -55.746
129.433     -55.667
129.467     -55.528
129.504     -55.389
129.4     -55.31
129.296     -55.231
129.192     -55.152
129.088     -55.073
129.125     -54.933
129.158     -54.794
129.058     -54.715
128.954     -54.636
128.992     -54.497
129.025     -54.357
128.925     -54.278
128.825     -54.199
128.721     -54.119
128.621     -54.04
128.521     -53.96
128.421     -53.881
128.321     -53.801
128.225     -53.721
128.262     -53.582
128.296     -53.443
128.2     -53.363
128.1     -53.284
128.004     -53.204
127.904     -53.124
127.808     -53.044
127.712     -52.963
127.617     -52.883
127.521     -52.803
127.425     -52.723
127.329     -52.642
127.367     -52.503
127.404     -52.364
127.308     -52.284
127.217     -52.204
127.121     -52.123
127.025     -52.042
126.933     -51.962
126.842     -51.881
126.746     -51.801
126.654     -51.72
126.563     -51.639
126.471     -51.558
126.379     -51.477
126.287     -51.396
126.196     -51.315
126.104     -51.234
126.012     -51.152
125.925     -51.071
125.833     -50.99
125.746     -50.908
125.654     -50.827
125.567     -50.745
125.475     -50.664
125.388     -50.582
125.3     -50.501
125.213     -50.419
125.125     -50.337
125.038     -50.255
124.95     -50.173
124.863     -50.091
124.775     -50.009
124.688     -49.927
124.604     -49.845
124.517     -49.763
124.429     -49.681
124.346     -49.599
124.262     -49.516
124.175     -49.434
123.962     -49.407
123.921     -49.545
123.792     -49.6
123.663     -49.656
123.533     -49.711
123.404     -49.765
123.275     -49.82
123.146     -49.874
123.012     -49.929
122.883     -49.983
122.754     -50.037
122.621     -50.091
122.492     -50.145
122.275     -50.115
122.062     -50.085
121.929     -50.138
121.796     -50.192
121.583     -50.161
121.371     -50.129
121.154     -50.098
120.942     -50.066
120.729     -50.034
120.517     -50.002
120.304     -49.969
120.092     -49.936
119.883     -49.902
119.671     -49.869
119.538     -49.919
119.404     -49.97
119.192     -49.936
118.979     -49.901
118.771     -49.866
118.558     -49.83
118.35     -49.794
118.142     -49.758
117.929     -49.722
117.721     -49.686
117.513     -49.649
117.438     -49.563
117.367     -49.477
117.292     -49.392
117.221     -49.306
117.15     -49.22
117.075     -49.134
117.004     -49.048
116.933     -48.963
116.858     -48.877
116.788     -48.791
116.717     -48.705
116.779     -48.571
116.838     -48.437
116.767     -48.351
116.696     -48.265
116.625     -48.179
116.554     -48.093
116.483     -48.007
116.417     -47.921
116.346     -47.834
116.275     -47.748
116.204     -47.662
116.137     -47.576
116.067     -47.49
116     -47.404
115.929     -47.317
115.863     -47.231
115.792     -47.145
115.725     -47.059
115.654     -46.972
115.588     -46.886
115.521     -46.799
115.45     -46.713
115.513     -46.579
115.575     -46.446
115.504     -46.359
115.438     -46.273
115.5     -46.139
115.558     -46.005
115.492     -45.919
115.425     -45.832
115.483     -45.698
115.542     -45.564
115.6     -45.43
115.658     -45.296
115.592     -45.21
115.525     -45.123
115.583     -44.989
115.642     -44.855
115.575     -44.769
115.508     -44.682
115.567     -44.548
115.621     -44.414
115.558     -44.327
115.492     -44.241
115.546     -44.106
115.604     -43.972
115.658     -43.838
115.717     -43.703
115.771     -43.568
115.825     -43.434
115.879     -43.299
115.933     -43.164
115.988     -43.029
116.042     -42.894
116.096     -42.759
116.146     -42.624
116.2     -42.489
116.254     -42.354
116.188     -42.268
116.121     -42.182
116.175     -42.046
116.225     -41.911
116.163     -41.825
116.096     -41.739
116.029     -41.652
115.967     -41.566
116.017     -41.431
116.071     -41.296
116.004     -41.21
115.942     -41.123
115.875     -41.037
115.813     -40.951
115.75     -40.864
115.683     -40.778
115.621     -40.692
115.558     -40.606
115.492     -40.519
115.429     -40.432
115.367     -40.346
115.304     -40.26
115.242     -40.173
115.179     -40.087
115.117     -40
115.054     -39.914
114.992     -39.827
114.929     -39.74
114.867     -39.654
114.692     -39.615
114.517     -39.577
114.454     -39.49
114.392     -39.403
114.329     -39.316
114.271     -39.229
114.208     -39.143
114.146     -39.056
114.087     -38.969
114.025     -38.882
113.967     -38.795
113.904     -38.708
113.846     -38.621
113.783     -38.534
113.725     -38.447
113.663     -38.36
113.604     -38.273
113.658     -38.139
113.708     -38.004
113.758     -37.869
113.812     -37.735
113.863     -37.6
113.913     -37.465
113.963     -37.33
114.017     -37.195
114.067     -37.06
114.175     -37.012
114.283     -36.964
114.396     -36.916
114.504     -36.867
114.613     -36.819
114.721     -36.77
114.771     -36.634
114.879     -36.586
114.817     -36.499
114.758     -36.412
114.7     -36.326
114.637     -36.239
114.579     -36.152
114.517     -36.066
114.35     -36.027
114.292     -35.94
114.233     -35.854
114.171     -35.767
114.004     -35.728
113.946     -35.641
113.887     -35.554
113.829     -35.467
113.771     -35.38
113.713     -35.293
113.546     -35.254
113.488     -35.167
113.321     -35.128
113.263     -35.041
113.1     -35.001
113.042     -34.914
112.875     -34.875
112.821     -34.787
112.763     -34.7
112.596     -34.66
112.542     -34.573
112.483     -34.486
112.425     -34.398
112.371     -34.311
112.313     -34.223
112.258     -34.136
112.2     -34.048
112.146     -33.961
112.088     -33.874
112.033     -33.786
111.871     -33.746
111.813     -33.658
111.758     -33.57
111.596     -33.53
111.433     -33.489
111.275     -33.447
111.113     -33.406
110.95     -33.365
110.792     -33.323
110.733     -33.236
110.575     -33.194
110.521     -33.106
110.358     -33.064
110.304     -32.976
110.25     -32.888
110.092     -32.846
110.038     -32.758
109.983     -32.67
109.825     -32.628
109.771     -32.54
109.613     -32.497
109.454     -32.455
109.4     -32.367
109.35     -32.279
109.192     -32.236
109.137     -32.147
109.083     -32.059
109.033     -31.971
108.979     -31.883
108.925     -31.795
108.875     -31.707
108.821     -31.618
108.771     -31.53
108.821     -31.397
108.771     -31.309
108.821     -31.176
108.771     -31.087
108.717     -30.999
108.667     -30.911
108.717     -30.777
108.667     -30.689
108.613     -30.601
108.563     -30.513
108.613     -30.379
108.563     -30.291
108.613     -30.158
108.563     -30.069
108.513     -29.981
108.458     -29.893
108.508     -29.759
108.458     -29.671
108.408     -29.583
108.458     -29.449
108.408     -29.361
108.354     -29.273
108.304     -29.185
108.254     -29.096
108.2     -29.008
108.15     -28.92
108.1     -28.831
108.05     -28.743
107.996     -28.655
107.946     -28.566
107.996     -28.433
107.946     -28.345
107.896     -28.256
107.846     -28.168
107.796     -28.08
107.846     -27.946
107.896     -27.812
107.846     -27.724
107.796     -27.636
107.746     -27.548
107.692     -27.459
107.642     -27.371
107.592     -27.282
107.542     -27.194
107.492     -27.106
107.442     -27.017
107.392     -26.929
107.342     -26.84
107.292     -26.752
107.192     -26.797
107.042     -26.753
106.892     -26.71
106.742     -26.666
106.692     -26.577
106.546     -26.534
106.496     -26.445
106.346     -26.401
106.196     -26.357
106.146     -26.268
106     -26.224
105.95     -26.136
105.8     -26.091
105.654     -26.047
105.504     -26.002
105.454     -25.914
105.308     -25.869
105.258     -25.781
105.113     -25.736
105.013     -25.78
104.863     -25.735
104.717     -25.69
104.567     -25.645
104.421     -25.6
104.275     -25.555
104.125     -25.509
103.979     -25.464
103.933     -25.376
103.783     -25.33
103.638     -25.284
103.492     -25.239
103.346     -25.193
103.2     -25.147
103.15     -25.059
103.104     -24.97
102.958     -24.924
102.913     -24.836
102.867     -24.747
102.821     -24.658
102.771     -24.569
102.725     -24.48
102.679     -24.392
102.633     -24.303
102.587     -24.214
102.542     -24.125
102.496     -24.036
102.45     -23.948
102.404     -23.859
102.454     -23.727
102.408     -23.638
102.363     -23.549
102.317     -23.461
102.271     -23.372
102.325     -23.24
102.275     -23.151
102.329     -23.019
102.283     -22.931
102.333     -22.799
102.387     -22.667
102.438     -22.535
102.488     -22.403
102.442     -22.314
102.496     -22.182
102.592     -22.138
102.642     -22.006
102.596     -21.917
102.55     -21.829
102.6     -21.696
102.65     -21.564
102.604     -21.475
102.654     -21.343
102.608     -21.254
102.658     -21.121
102.708     -20.989
102.758     -20.856
102.713     -20.767
102.763     -20.635
102.812     -20.502
102.863     -20.37
102.817     -20.281
102.867     -20.148
102.821     -20.059
102.771     -19.971
102.821     -19.838
102.871     -19.705
102.921     -19.572
102.967     -19.439
102.921     -19.35
102.971     -19.217
102.925     -19.128
102.971     -18.995
103.021     -18.862
102.975     -18.773
103.021     -18.64
102.975     -18.551
103.025     -18.418
102.979     -18.329
103.025     -18.196
103.075     -18.063
103.029     -17.974
103.075     -17.841
103.029     -17.752
103.075     -17.619
103.125     -17.485
103.075     -17.397
103.125     -17.263
103.079     -17.174
103.125     -17.041
103.079     -16.952
103.125     -16.819
103.171     -16.685
103.125     -16.596
103.175     -16.462
103.221     -16.329
103.175     -16.24
103.125     -16.151
103.175     -16.018
103.125     -15.929
103.175     -15.795
103.125     -15.707
103.175     -15.573
103.125     -15.484
103.079     -15.395
103.125     -15.261
103.079     -15.173
103.125     -15.039
103.079     -14.95
103.033     -14.861
102.988     -14.772
102.942     -14.684
102.896     -14.595
102.85     -14.506
102.804     -14.417
102.754     -14.329
102.708     -14.24
102.663     -14.151
102.617     -14.062
102.571     -13.974
102.525     -13.885
102.479     -13.796
102.433     -13.707
102.387     -13.618
102.342     -13.53
102.296     -13.441
102.25     -13.352
102.204     -13.263
102.158     -13.174
102.204     -13.041
102.25     -12.907
102.2     -12.818
102.154     -12.729
102.108     -12.641
102.063     -12.552
102.017     -12.463
101.971     -12.374
101.925     -12.285
101.879     -12.197
101.833     -12.108
101.788     -12.019
101.742     -11.93
101.696     -11.841
101.65     -11.753
101.604     -11.664
101.558     -11.575
101.421     -11.531
101.288     -11.488
101.242     -11.399
101.196     -11.31
101.15     -11.221
101.104     -11.133
101.058     -11.044
101.013     -10.955
100.967     -10.866
100.921     -10.778
100.875     -10.689
100.829     -10.6
100.692     -10.556
100.558     -10.513
100.513     -10.424
100.467     -10.335
100.421     -10.247
100.375     -10.158
100.329     -10.069
100.283     -9.98
100.146     -9.937
100.013     -9.893
99.967     -9.804
99.921     -9.716
99.875     -9.627
99.829     -9.538
99.783     -9.449
99.737     -9.361
99.692     -9.272
99.65     -9.183
99.512     -9.14
99.375     -9.096
99.329     -9.007
99.288     -8.919
99.15     -8.875
99.017     -8.832
98.971     -8.743
98.925     -8.654
98.788     -8.611
98.654     -8.567
98.517     -8.524
98.383     -8.48
98.246     -8.436
98.113     -8.393
98.067     -8.304
98.021     -8.216
97.887     -8.172
97.75     -8.129
97.704     -8.04
97.663     -7.952
97.525     -7.908
97.392     -7.865
97.346     -7.776
97.3     -7.688
97.254     -7.599
97.208     -7.511
97.075     -7.467
96.942     -7.424
96.896     -7.336
96.85     -7.248
96.717     -7.204
96.579     -7.161
96.538     -7.072
96.492     -6.984
96.446     -6.896
96.4     -6.807
96.267     -6.764
96.133     -6.721
96.088     -6.633
96.042     -6.544
95.908     -6.501
95.771     -6.458
95.637     -6.415
95.504     -6.372
95.367     -6.329
95.233     -6.286
95.188     -6.198
95.142     -6.11
95.008     -6.067
94.875     -6.024
94.829     -5.936
94.783     -5.848
94.65     -5.805
94.517     -5.762
94.471     -5.674
94.425     -5.586
94.292     -5.544
94.158     -5.501
94.113     -5.413
94.067     -5.325
93.933     -5.283
93.8     -5.24
93.754     -5.152
93.708     -5.064
93.663     -4.977
93.621     -4.889
93.483     -4.847
93.35     -4.804
93.304     -4.717
93.263     -4.629
93.129     -4.587
92.992     -4.544
92.95     -4.457
92.904     -4.369
92.858     -4.282
92.813     -4.194
92.767     -4.106
92.725     -4.019
92.679     -3.931
92.633     -3.844
92.588     -3.756
92.633     -3.623
92.675     -3.49
92.629     -3.402
92.588     -3.315
92.629     -3.181
92.675     -3.048
92.717     -2.915
92.763     -2.781
92.717     -2.694
92.671     -2.606
92.713     -2.472
92.758     -2.339
92.8     -2.205
92.846     -2.072
92.888     -1.938
92.929     -1.804
92.975     -1.671
93.017     -1.537
93.058     -1.403
93.104     -1.269
93.146     -1.135
93.188     -1.001
93.233     -0.867
93.321     -0.821
93.408     -0.775
93.45     -0.641
93.496     -0.507
93.583     -0.46
93.671     -0.414
93.758     -0.367
93.85     -0.321
93.892     -0.187
93.933     -0.053
94.021     -0.006
94.113     0.04
94.2     0.086
94.288     0.133
94.329     0.267
94.375     0.401
94.463     0.448
94.55     0.494
94.592     0.629
94.637     0.763
94.679     0.898
94.721     1.032
94.763     1.166
94.717     1.254
94.671     1.343
94.713     1.477
94.754     1.612
94.708     1.7
94.663     1.788
94.617     1.876
94.571     1.964
94.521     2.052
94.387     2.093
94.254     2.134
94.204     2.222
94.158     2.31
94.113     2.398
94.067     2.486
94.021     2.574
93.975     2.661
93.925     2.749
93.879     2.837
93.833     2.925
93.788     3.013
93.742     3.101
93.692     3.188
93.646     3.276
93.6     3.364
93.554     3.452
93.504     3.539
93.458     3.627
93.413     3.715
93.367     3.803
93.317     3.891
93.183     3.931
93.046     3.971
93     4.059
92.954     4.147
92.908     4.234
92.858     4.322
92.813     4.409
92.767     4.497
92.629     4.538
92.496     4.578
92.446     4.665
92.4     4.753
92.354     4.84
92.304     4.928
92.171     4.967
92.033     5.007
91.988     5.095
91.938     5.182
91.842     5.357
91.796     5.444
91.75     5.531
91.613     5.571
91.475     5.61
91.429     5.698
91.383     5.785
91.333     5.872
91.288     5.959
91.15     5.998
91.013     6.038
90.967     6.124
90.917     6.212
90.783     6.251
90.646     6.289
90.596     6.376
90.55     6.463
90.5     6.55
90.454     6.637
90.404     6.724
90.358     6.811
90.221     6.85
90.083     6.888
90.038     6.975
89.988     7.062
89.938     7.148
89.892     7.235
89.754     7.273
89.617     7.311
89.571     7.398
89.521     7.485
89.471     7.571
89.425     7.658
89.375     7.744
89.325     7.831
89.188     7.869
89.05     7.906
89.004     7.993
