179.088     -49.511
179.233     -49.531
179.35     -49.649
179.467     -49.766
179.617     -49.786
179.763     -49.805
179.883     -49.922
180     -50.039
180.121     -50.156
180.242     -50.273
180.363     -50.389
180.488     -50.506
180.608     -50.622
180.579     -50.721
180.55     -50.819
180.675     -50.935
180.8     -51.051
180.925     -51.167
181.079     -51.184
181.233     -51.202
181.388     -51.218
181.542     -51.235
181.696     -51.251
181.854     -51.267
182.008     -51.283
182.163     -51.299
182.292     -51.413
182.425     -51.527
182.579     -51.542
182.737     -51.557
182.867     -51.671
183     -51.784
183.158     -51.798
183.317     -51.812
183.454     -51.925
183.587     -52.037
183.746     -52.051
183.904     -52.063
184.042     -52.175
184.183     -52.287
184.342     -52.299
184.5     -52.312
184.642     -52.423
184.783     -52.534
184.925     -52.644
185.067     -52.755
185.213     -52.865
185.354     -52.976
185.521     -52.986
185.683     -52.996
185.829     -53.106
185.975     -53.215
186.125     -53.324
186.271     -53.433
186.437     -53.442
186.604     -53.451
186.754     -53.559
186.904     -53.667
187.071     -53.676
187.238     -53.683
187.404     -53.691
187.571     -53.698
187.738     -53.706
187.904     -53.712
188.071     -53.719
188.237     -53.725
188.404     -53.731
188.579     -53.637
188.754     -53.543
188.921     -53.548
189.088     -53.553
189.254     -53.558
189.421     -53.562
189.592     -53.467
189.767     -53.371
189.929     -53.375
190.096     -53.378
190.263     -53.381
190.429     -53.384
190.596     -53.287
190.767     -53.189
190.929     -53.192
191.096     -53.194
191.258     -53.195
191.425     -53.197
191.588     -53.198
191.917     -53.199
192.083     -53.2
192.25     -53.2
192.413     -53.3
192.579     -53.399
192.746     -53.399
192.908     -53.398
193.079     -53.497
193.246     -53.595
193.417     -53.694
193.588     -53.792
193.758     -53.889
193.929     -53.987
194.104     -54.084
194.275     -54.181
194.45     -54.278
194.458     -54.377
194.462     -54.477
194.642     -54.574
194.812     -54.57
194.983     -54.566
195.158     -54.661
195.338     -54.757
195.513     -54.752
195.675     -54.647
195.833     -54.541
196.004     -54.536
196.175     -54.53
196.346     -54.524
196.517     -54.517
196.687     -54.511
196.854     -54.503
197.013     -54.396
197.171     -54.289
197.338     -54.281
197.508     -54.274
197.675     -54.265
197.846     -54.257
198.013     -54.248
198.183     -54.239
198.333     -54.13
198.488     -54.021
198.654     -54.011
198.821     -54.001
198.971     -53.891
199.121     -53.781
199.288     -53.771
199.45     -53.76
199.617     -53.748
199.783     -53.737
199.95     -53.725
200.117     -53.713
200.283     -53.701
200.446     -53.688
200.592     -53.576
200.733     -53.464
200.9     -53.451
201.063     -53.437
201.204     -53.325
201.342     -53.212
201.508     -53.198
201.671     -53.183
201.808     -53.07
201.946     -52.956
202.079     -52.842
202.217     -52.728
202.379     -52.713
202.538     -52.697
202.671     -52.582
202.804     -52.467
202.938     -52.352
203.067     -52.237
203.229     -52.221
203.388     -52.203
203.546     -52.186
203.7     -52.169
203.858     -52.151
204.017     -52.133
204.175     -52.115
204.333     -52.096
204.492     -52.077
204.65     -52.059
204.804     -52.039
204.963     -52.02
205.121     -52
205.275     -51.981
205.433     -51.96
205.621     -52.038
205.813     -52.115
205.971     -52.094
206.125     -52.073
206.321     -52.149
206.513     -52.225
206.704     -52.3
206.9     -52.375
207.096     -52.45
207.292     -52.524
207.487     -52.598
207.683     -52.672
207.883     -52.745
208.083     -52.818
208.279     -52.891
208.483     -52.963
208.683     -53.035
208.883     -53.106
209.088     -53.177
209.292     -53.248
209.496     -53.318
209.7     -53.388
209.904     -53.457
210.108     -53.527
210.271     -53.499
210.429     -53.472
210.638     -53.54
210.846     -53.607
211.004     -53.579
211.167     -53.551
211.375     -53.617
211.583     -53.684
211.746     -53.654
211.904     -53.624
212.063     -53.594
212.221     -53.564
212.433     -53.629
212.646     -53.693
212.804     -53.662
212.963     -53.631
213.121     -53.599
213.279     -53.567
213.438     -53.535
213.596     -53.503
213.754     -53.471
213.854     -53.344
213.958     -53.217
214.113     -53.184
214.271     -53.15
214.371     -53.023
214.467     -52.895
214.567     -52.767
214.663     -52.64
214.758     -52.512
214.704     -52.418
214.65     -52.324
214.746     -52.196
214.842     -52.068
214.783     -51.974
214.729     -51.88
214.671     -51.786
214.617     -51.692
214.713     -51.565
214.804     -51.437
214.75     -51.343
214.696     -51.249
214.788     -51.121
214.883     -50.993
214.975     -50.865
215.067     -50.737
215.154     -50.609
215.246     -50.481
215.333     -50.352
215.425     -50.224
215.513     -50.095
215.6     -49.967
215.688     -49.838
215.829     -49.803
215.971     -49.767
216.058     -49.638
216.142     -49.509
216.283     -49.473
216.425     -49.437
216.508     -49.307
216.592     -49.178
216.729     -49.141
216.871     -49.104
217.008     -49.067
217.146     -49.03
217.229     -48.9
217.308     -48.77
217.446     -48.732
217.583     -48.695
217.721     -48.657
217.858     -48.618
217.933     -48.488
218.013     -48.357
218.15     -48.319
218.283     -48.28
218.421     -48.241
218.554     -48.201
218.688     -48.162
218.825     -48.122
218.896     -47.991
218.971     -47.86
219.104     -47.82
219.237     -47.78
219.371     -47.739
219.504     -47.699
219.638     -47.658
219.771     -47.617
219.9     -47.576
220.033     -47.535
220.167     -47.493
220.296     -47.451
220.429     -47.41
220.558     -47.367
220.687     -47.326
220.821     -47.283
220.95     -47.241
221.079     -47.198
221.208     -47.155
221.404     -47.202
221.6     -47.248
221.729     -47.204
221.858     -47.161
221.987     -47.117
222.117     -47.073
222.246     -47.028
222.375     -46.984
222.567     -47.028
222.763     -47.072
222.892     -47.027
223.021     -46.981
223.146     -46.936
223.275     -46.89
223.404     -46.844
223.529     -46.799
223.654     -46.752
223.783     -46.706
223.908     -46.659
224.033     -46.613
224.158     -46.566
224.288     -46.519
224.413     -46.472
224.538     -46.424
224.663     -46.377
224.717     -46.242
224.771     -46.107
224.892     -46.059
225.017     -46.011
225.071     -45.876
225.121     -45.74
225.246     -45.692
225.367     -45.644
225.488     -45.595
225.608     -45.546
225.658     -45.411
225.708     -45.275
225.829     -45.226
225.95     -45.177
226.071     -45.127
226.192     -45.078
226.313     -45.028
226.429     -44.979
226.55     -44.929
226.671     -44.879
226.788     -44.828
226.908     -44.778
227.025     -44.727
227.142     -44.676
227.263     -44.626
227.379     -44.575
227.496     -44.524
227.612     -44.472
227.729     -44.421
227.846     -44.369
227.963     -44.317
228.079     -44.266
228.196     -44.213
228.388     -44.246
228.575     -44.278
228.692     -44.225
228.808     -44.172
229     -44.204
229.188     -44.234
229.379     -44.265
229.571     -44.295
229.762     -44.324
229.954     -44.354
230.146     -44.382
230.225     -44.466
230.304     -44.549
230.608     -44.522
230.496     -44.577
230.688     -44.605
230.767     -44.688
230.846     -44.771
231.042     -44.798
231.233     -44.824
231.429     -44.851
231.625     -44.877
231.821     -44.902
232.012     -44.927
232.208     -44.952
232.325     -44.895
232.354     -44.757
232.387     -44.618
232.5     -44.561
232.613     -44.503
232.725     -44.446
232.838     -44.388
232.867     -44.249
232.896     -44.11
233.008     -44.052
233.121     -43.994
233.229     -43.936
233.342     -43.878
233.45     -43.819
233.563     -43.761
233.588     -43.622
233.617     -43.483
233.725     -43.424
233.833     -43.365
233.942     -43.306
234.05     -43.247
234.158     -43.188
234.267     -43.128
234.375     -43.069
234.483     -43.009
234.588     -42.95
234.696     -42.89
234.804     -42.83
234.908     -42.77
235.017     -42.709
235.121     -42.649
235.229     -42.589
235.417     -42.607
235.604     -42.625
235.712     -42.564
235.817     -42.502
235.921     -42.441
236.025     -42.38
236.212     -42.397
236.404     -42.413
236.508     -42.351
236.613     -42.289
236.8     -42.304
236.987     -42.319
237.179     -42.334
237.367     -42.349
237.558     -42.363
237.746     -42.376
237.937     -42.39
238.229     -42.339
238.125     -42.403
238.317     -42.415
238.404     -42.491
238.492     -42.568
238.679     -42.58
238.871     -42.591
238.958     -42.667
239.05     -42.743
239.242     -42.754
239.433     -42.764
239.621     -42.774
239.812     -42.784
240.004     -42.793
240.108     -42.727
240.208     -42.662
240.4     -42.67
240.592     -42.678
240.783     -42.686
240.875     -42.761
240.963     -42.834
241.158     -42.842
241.35     -42.849
241.442     -42.922
241.533     -42.996
241.825     -42.934
241.725     -43.002
241.917     -43.008
242.012     -43.081
242.2     -43.227
242.292     -43.3
242.387     -43.373
242.479     -43.446
242.575     -43.519
242.571     -43.66
242.567     -43.801
242.558     -43.942
242.554     -44.083
242.55     -44.224
242.542     -44.365
242.538     -44.506
242.533     -44.647
242.525     -44.789
242.425     -44.857
242.321     -44.925
242.312     -45.066
242.308     -45.207
242.204     -45.275
242.1     -45.343
242.092     -45.484
242.087     -45.626
241.983     -45.693
241.875     -45.761
241.867     -45.902
241.863     -46.043
241.754     -46.111
241.65     -46.178
241.642     -46.319
241.629     -46.461
241.525     -46.528
241.417     -46.595
241.408     -46.736
241.396     -46.877
241.292     -46.944
241.179     -47.011
241.071     -47.078
240.963     -47.145
240.854     -47.212
240.646     -47.204
240.437     -47.195
240.233     -47.186
240.025     -47.177
239.817     -47.167
239.608     -47.157
239.404     -47.147
239.308     -47.071
239.213     -46.995
239.004     -46.984
238.908     -46.908
238.704     -46.896
238.592     -46.96
238.575     -47.101
238.671     -47.177
238.654     -47.318
238.633     -47.459
238.617     -47.6
238.713     -47.676
238.808     -47.752
238.792     -47.893
238.775     -48.034
238.758     -48.175
238.742     -48.316
238.721     -48.456
238.704     -48.597
238.688     -48.738
238.667     -48.879
238.65     -49.02
238.633     -49.161
238.613     -49.301
238.496     -49.366
238.379     -49.429
238.358     -49.57
238.338     -49.711
238.321     -49.852
238.3     -49.992
238.279     -50.133
238.258     -50.274
238.238     -50.415
238.221     -50.556
238.2     -50.696
238.179     -50.837
238.158     -50.978
238.138     -51.119
238.113     -51.259
238.092     -51.4
237.971     -51.464
237.846     -51.527
237.721     -51.591
237.596     -51.654
237.471     -51.717
237.346     -51.78
237.221     -51.843
237.096     -51.906
236.967     -51.968
236.842     -52.031
236.817     -52.171
236.788     -52.311
236.663     -52.374
236.533     -52.436
236.404     -52.498
236.275     -52.559
236.246     -52.7
236.217     -52.84
236.087     -52.902
235.958     -52.963
235.825     -53.024
235.696     -53.086
235.563     -53.147
235.429     -53.207
235.296     -53.268
235.163     -53.329
235.133     -53.469
235.1     -53.609
234.963     -53.669
234.829     -53.729
234.696     -53.789
234.558     -53.849
234.421     -53.909
234.288     -53.968
234.15     -54.028
234.012     -54.087
233.875     -54.146
233.737     -54.205
233.7     -54.344
233.658     -54.484
233.521     -54.543
233.379     -54.601
233.242     -54.66
233.1     -54.718
232.958     -54.776
232.817     -54.834
232.675     -54.891
232.533     -54.949
232.392     -55.006
232.246     -55.063
232.104     -55.12
231.958     -55.177
231.817     -55.234
231.671     -55.29
231.525     -55.346
231.379     -55.402
231.233     -55.459
231.088     -55.514
230.942     -55.57
230.792     -55.625
230.646     -55.681
230.4     -55.652
230.154     -55.623
230.004     -55.677
229.854     -55.732
229.613     -55.702
229.367     -55.671
229.217     -55.724
229.067     -55.778
228.821     -55.746
228.575     -55.714
228.333     -55.681
228.087     -55.648
227.938     -55.7
227.783     -55.751
227.542     -55.717
227.3     -55.682
227.146     -55.733
226.992     -55.784
226.838     -55.834
226.683     -55.885
226.529     -55.935
226.375     -55.985
226.221     -56.034
226.067     -56.084
225.908     -56.133
225.754     -56.182
225.596     -56.231
225.438     -56.28
225.283     -56.329
225.125     -56.377
224.967     -56.425
224.808     -56.473
224.563     -56.432
224.317     -56.392
224.158     -56.439
223.996     -56.486
223.837     -56.532
223.763     -56.667
223.683     -56.802
223.521     -56.848
223.358     -56.894
223.279     -57.029
223.2     -57.164
223.038     -57.209
222.871     -57.255
222.792     -57.389
222.708     -57.523
222.625     -57.657
222.542     -57.792
222.458     -57.926
222.375     -58.06
222.288     -58.194
222.204     -58.328
222.117     -58.462
222.2     -58.552
222.458     -58.597
222.717     -58.641
222.975     -58.685
223.233     -58.729
223.492     -58.772
223.754     -58.814
224.017     -58.856
224.275     -58.897
224.538     -58.938
224.708     -58.891
224.879     -58.843
225.05     -58.795
225.217     -58.747
225.479     -58.786
225.742     -58.824
225.908     -58.775
225.983     -58.639
226.054     -58.503
226.221     -58.453
226.388     -58.403
226.554     -58.354
226.717     -58.303
226.883     -58.253
227.046     -58.202
227.208     -58.152
227.371     -58.101
227.533     -58.049
227.696     -57.998
227.858     -57.947
228.017     -57.895
228.179     -57.843
228.338     -57.791
228.5     -57.738
228.758     -57.771
229.017     -57.802
229.175     -57.749
229.333     -57.696
229.592     -57.726
229.85     -57.756
230.008     -57.702
230.163     -57.648
230.321     -57.593
230.475     -57.538
230.633     -57.483
230.788     -57.428
230.942     -57.372
231.096     -57.317
231.25     -57.261
231.4     -57.205
231.554     -57.149
231.708     -57.093
231.858     -57.036
231.904     -56.897
231.954     -56.758
232.104     -56.701
232.25     -56.644
232.4     -56.587
232.55     -56.53
232.596     -56.391
232.638     -56.251
232.783     -56.194
232.933     -56.136
233.079     -56.078
233.225     -56.02
233.367     -55.961
233.512     -55.903
233.658     -55.844
233.8     -55.786
233.946     -55.727
234.088     -55.667
234.229     -55.608
234.375     -55.549
234.408     -55.409
234.446     -55.269
234.588     -55.209
234.725     -55.149
234.867     -55.089
235.004     -55.029
235.146     -54.969
235.283     -54.908
235.317     -54.768
235.35     -54.628
235.488     -54.567
235.625     -54.506
235.758     -54.445
235.896     -54.384
235.925     -54.244
235.954     -54.103
236.092     -54.042
236.225     -53.98
236.254     -53.84
236.283     -53.699
236.417     -53.638
236.546     -53.576
236.679     -53.514
236.813     -53.452
236.942     -53.389
237.071     -53.327
237.204     -53.264
237.333     -53.201
237.462     -53.138
237.592     -53.075
237.721     -53.012
237.85     -52.949
237.979     -52.885
238.104     -52.821
238.233     -52.758
238.358     -52.694
238.487     -52.63
238.717     -52.642
238.95     -52.654
239.075     -52.589
239.2     -52.524
239.325     -52.46
239.45     -52.394
239.575     -52.329
239.7     -52.264
239.821     -52.199
239.837     -52.057
239.854     -51.916
239.975     -51.851
240.1     -51.785
240.113     -51.644
240.129     -51.503
240.25     -51.437
240.371     -51.371
240.383     -51.23
240.4     -51.089
240.413     -50.947
240.425     -50.806
240.442     -50.665
240.454     -50.524
240.467     -50.383
240.483     -50.242
240.496     -50.101
240.508     -49.959
240.521     -49.818
240.533     -49.677
240.546     -49.536
240.563     -49.395
240.575     -49.254
240.588     -49.113
240.7     -49.046
240.813     -48.98
240.825     -48.839
240.837     -48.697
240.95     -48.631
241.063     -48.564
241.075     -48.423
241.087     -48.282
241.196     -48.215
241.308     -48.148
241.421     -48.081
241.529     -48.014
241.538     -47.872
241.55     -47.731
241.658     -47.664
241.767     -47.596
241.775     -47.455
241.783     -47.314
241.892     -47.246
242     -47.179
242.008     -47.037
242.017     -46.896
242.125     -46.828
242.233     -46.76
242.237     -46.619
242.246     -46.478
242.254     -46.337
242.258     -46.196
242.367     -46.127
242.471     -46.059
242.479     -45.918
242.483     -45.777
242.587     -45.709
242.692     -45.64
242.696     -45.499
242.704     -45.358
242.804     -45.289
242.908     -45.221
242.913     -45.079
242.921     -44.938
243.021     -44.869
243.121     -44.801
243.125     -44.659
243.129     -44.518
243.133     -44.377
243.137     -44.236
243.142     -44.095
243.146     -43.954
243.15     -43.812
243.154     -43.671
243.158     -43.53
243.163     -43.389
243.262     -43.32
243.358     -43.251
243.362     -43.11
243.367     -42.969
243.463     -42.9
243.563     -42.831
243.758     -42.692
243.854     -42.622
243.95     -42.552
244.046     -42.483
244.142     -42.413
244.237     -42.343
244.333     -42.273
244.429     -42.203
244.525     -42.133
244.621     -42.062
244.717     -41.992
244.808     -41.922
245     -41.922
245.187     -41.921
245.283     -41.851
245.375     -41.779
245.567     -41.778
245.754     -41.777
245.85     -41.706
245.942     -41.634
246.033     -41.562
246.029     -41.421
246.025     -41.28
246.117     -41.209
246.208     -41.137
246.3     -41.065
246.392     -40.993
246.483     -40.921
246.575     -40.849
246.571     -40.708
246.567     -40.567
246.654     -40.495
246.746     -40.422
246.742     -40.281
246.733     -40.14
246.825     -40.068
246.913     -39.996
246.908     -39.855
246.9     -39.714
246.896     -39.573
246.887     -39.432
246.979     -39.359
247.067     -39.287
247.058     -39.146
247.054     -39.005
247.046     -38.864
247.038     -38.723
247.033     -38.582
247.025     -38.441
247.112     -38.369
247.2     -38.296
247.192     -38.155
247.187     -38.014
247.179     -37.874
247.171     -37.733
247.163     -37.592
247.158     -37.451
247.15     -37.311
247.142     -37.17
247.137     -37.029
247.129     -36.888
247.121     -36.748
247.029     -36.68
246.937     -36.611
246.933     -36.471
246.925     -36.33
246.917     -36.19
246.913     -36.049
246.821     -35.981
246.729     -35.913
246.721     -35.772
246.717     -35.632
246.625     -35.563
246.538     -35.495
246.446     -35.427
246.358     -35.358
246.267     -35.289
246.179     -35.221
246.092     -35.152
245.917     -35.155
245.746     -35.157
245.658     -35.089
245.571     -35.019
245.4     -35.021
245.229     -35.023
245.054     -35.024
244.883     -35.025
244.796     -34.956
244.708     -34.886
244.538     -34.886
244.367     -34.886
244.279     -34.816
244.196     -34.746
244.025     -34.746
243.854     -34.745
243.767     -34.674
243.679     -34.603
243.596     -34.533
243.508     -34.462
243.425     -34.391
243.337     -34.32
243.254     -34.249
243.167     -34.178
243.083     -34.107
242.996     -34.036
242.913     -33.965
242.829     -33.894
242.746     -33.823
242.742     -33.683
242.742     -33.543
242.658     -33.472
242.575     -33.401
242.492     -33.329
242.408     -33.257
242.325     -33.186
242.242     -33.114
242.242     -32.975
242.237     -32.835
242.158     -32.764
242.075     -32.692
241.992     -32.621
241.908     -32.549
241.825     -32.477
241.742     -32.405
241.663     -32.333
241.579     -32.261
241.579     -32.122
241.579     -31.983
241.496     -31.911
241.417     -31.839
241.417     -31.7
241.417     -31.561
241.333     -31.489
241.254     -31.417
241.254     -31.277
241.254     -31.139
241.171     -31.066
241.092     -30.994
241.092     -30.856
241.092     -30.717
241.092     -30.578
241.092     -30.439
241.092     -30.3
241.092     -30.161
241.092     -30.023
241.092     -29.884
241.008     -29.812
240.929     -29.74
240.929     -29.602
240.929     -29.463
240.929     -29.324
240.929     -29.186
240.846     -29.114
240.767     -29.042
240.767     -28.904
240.767     -28.766
240.767     -28.627
240.762     -28.489
240.683     -28.417
240.604     -28.346
240.604     -28.207
240.604     -28.069
240.525     -27.998
240.446     -27.926
240.442     -27.787
240.442     -27.65
240.362     -27.578
240.283     -27.506
240.283     -27.368
240.283     -27.23
240.279     -27.092
240.279     -26.955
240.2     -26.883
240.121     -26.811
240.121     -26.674
240.117     -26.536
240.117     -26.398
240.113     -26.261
240.113     -26.123
240.108     -25.986
240.104     -25.849
240.104     -25.711
240.1     -25.574
240.175     -25.508
240.25     -25.442
240.246     -25.305
240.242     -25.168
240.317     -25.102
240.387     -25.036
240.387     -24.899
240.383     -24.761
240.454     -24.695
240.529     -24.629
240.525     -24.492
240.517     -24.355
240.592     -24.289
240.663     -24.222
240.738     -24.156
240.808     -24.089
240.879     -24.023
240.954     -23.956
240.946     -23.819
240.942     -23.682
241.012     -23.616
241.083     -23.549
241.154     -23.482
241.225     -23.415
241.221     -23.278
241.213     -23.141
241.283     -23.074
241.354     -23.007
241.425     -22.94
241.496     -22.873
241.567     -22.806
241.637     -22.738
241.629     -22.601
241.621     -22.465
241.692     -22.397
241.758     -22.33
241.829     -22.262
241.9     -22.195
241.971     -22.127
242.038     -22.059
242.108     -21.991
242.175     -21.924
242.246     -21.856
242.312     -21.787
242.383     -21.719
242.45     -21.651
242.521     -21.583
242.587     -21.515
242.658     -21.446
242.725     -21.378
242.792     -21.309
242.863     -21.241
242.929     -21.172
242.996     -21.103
243.063     -21.035
243.133     -20.966
243.2     -20.897
243.267     -20.828
243.333     -20.759
243.4     -20.69
243.467     -20.621
243.533     -20.551
243.6     -20.482
243.667     -20.413
243.733     -20.343
243.8     -20.274
243.867     -20.204
243.933     -20.134
244     -20.065
244.067     -19.995
244.133     -19.925
244.196     -19.855
244.263     -19.786
244.329     -19.716
244.396     -19.645
244.458     -19.575
244.525     -19.505
244.592     -19.435
244.654     -19.364
244.721     -19.294
244.788     -19.224
244.929     -19.219
245.075     -19.213
245.142     -19.142
245.204     -19.072
245.35     -19.066
245.496     -19.06
245.637     -19.054
245.783     -19.047
245.929     -19.041
246.075     -19.034
246.217     -19.026
246.363     -19.019
246.508     -19.011
246.587     -19.075
246.671     -19.139
246.879     -19.059
246.817     -19.131
246.963     -19.123
247.042     -19.187
247.125     -19.251
247.271     -19.242
247.413     -19.233
247.496     -19.296
247.579     -19.36
247.725     -19.351
247.788     -19.277
247.85     -19.204
247.913     -19.131
247.979     -19.057
248.042     -18.984
248.104     -18.911
248.167     -18.837
248.146     -18.701
248.129     -18.564
248.192     -18.491
248.254     -18.417
248.317     -18.344
248.379     -18.27
248.442     -18.196
248.504     -18.122
248.567     -18.048
248.629     -17.974
248.688     -17.901
248.75     -17.827
248.812     -17.752
248.937     -17.604
248.996     -17.53
249.058     -17.456
249.204     -17.443
249.346     -17.43
249.408     -17.356
249.467     -17.281
249.613     -17.268
249.754     -17.254
249.9     -17.241
250.042     -17.227
250.104     -17.152
250.163     -17.076
250.308     -17.062
250.45     -17.048
250.596     -17.033
250.737     -17.018
250.879     -17.002
251.025     -16.987
251.083     -16.911
251.146     -16.835
251.288     -16.819
251.429     -16.803
251.575     -16.787
251.717     -16.77
251.863     -16.753
252.004     -16.736
252.146     -16.719
252.292     -16.702
252.433     -16.684
252.579     -16.666
252.721     -16.648
252.863     -16.63
252.921     -16.553
252.983     -16.475
253.125     -16.457
253.267     -16.438
253.325     -16.36
253.383     -16.282
253.529     -16.263
253.671     -16.244
253.729     -16.166
253.788     -16.087
253.929     -16.068
254.075     -16.048
254.133     -15.969
254.188     -15.891
254.333     -15.871
254.475     -15.85
254.533     -15.771
254.592     -15.692
254.733     -15.671
254.875     -15.65
254.933     -15.571
254.992     -15.492
255.133     -15.471
255.275     -15.449
255.333     -15.37
255.387     -15.291
255.529     -15.268
255.671     -15.246
255.729     -15.166
255.788     -15.087
255.842     -15.007
255.9     -14.928
256.042     -14.905
256.183     -14.881
256.242     -14.802
256.296     -14.722
256.35     -14.642
256.408     -14.562
256.55     -14.538
256.692     -14.514
256.746     -14.434
256.804     -14.354
256.858     -14.274
256.913     -14.194
257.054     -14.169
257.196     -14.144
257.254     -14.064
257.308     -13.983
257.362     -13.903
257.417     -13.822
257.558     -13.797
257.7     -13.772
257.754     -13.691
257.808     -13.61
257.867     -13.529
257.921     -13.448
257.975     -13.367
258.029     -13.286
258.171     -13.26
258.308     -13.234
258.362     -13.153
258.421     -13.072
258.475     -12.99
258.529     -12.909
258.667     -12.882
258.808     -12.855
258.863     -12.774
258.917     -12.692
258.971     -12.611
259.025     -12.529
259.163     -12.502
259.304     -12.474
259.358     -12.392
259.413     -12.31
259.463     -12.228
259.517     -12.147
259.571     -12.065
259.625     -11.983
259.762     -11.954
259.904     -11.926
259.958     -11.844
260.008     -11.762
260.15     -11.733
260.288     -11.704
260.429     -11.674
260.567     -11.645
260.704     -11.616
260.846     -11.586
260.983     -11.556
261.125     -11.526
261.262     -11.496
261.404     -11.466
261.542     -11.436
261.679     -11.405
261.821     -11.374
261.958     -11.344
262.096     -11.312
262.237     -11.281
262.375     -11.25
262.517     -11.219
262.567     -11.135
262.621     -11.051
262.758     -11.02
262.896     -10.988
262.95     -10.904
263     -10.82
263.137     -10.788
263.279     -10.756
263.417     -10.724
263.554     -10.691
263.692     -10.658
263.833     -10.626
263.971     -10.593
264.058     -10.644
264.146     -10.695
264.283     -10.662
264.421     -10.628
264.563     -10.595
264.613     -10.51
264.663     -10.426
264.713     -10.341
264.767     -10.256
264.817     -10.172
264.867     -10.087
264.917     -10.002
264.967     -9.917
265.017     -9.833
265.071     -9.748
265.121     -9.663
265.171     -9.578
265.221     -9.493
265.271     -9.408
265.321     -9.324
265.371     -9.239
265.508     -9.204
265.646     -9.169
265.696     -9.084
265.746     -8.999
265.883     -8.964
266.021     -8.929
266.158     -8.894
266.296     -8.858
266.433     -8.823
266.571     -8.787
266.708     -8.752
266.846     -8.716
266.983     -8.68
267.121     -8.644
267.258     -8.608
267.346     -8.657
267.433     -8.707
267.571     -8.67
267.621     -8.584
267.671     -8.499
267.808     -8.462
267.946     -8.425
267.996     -8.339
268.042     -8.253
268.179     -8.216
268.317     -8.179
268.367     -8.093
268.417     -8.007
268.467     -7.921
268.512     -7.834
268.563     -7.748
268.612     -7.662
268.658     -7.576
268.708     -7.489
268.846     -7.452
268.983     -7.414
269.029     -7.328
269.079     -7.241
269.129     -7.155
269.175     -7.069
269.313     -7.031
269.45     -6.992
269.587     -6.954
269.725     -6.916
269.771     -6.83
269.821     -6.743
269.954     -6.705
270.092     -6.666
270.229     -6.628
270.367     -6.589
270.5     -6.55
270.637     -6.512
270.688     -6.425
270.733     -6.337
270.871     -6.299
271.004     -6.26
271.054     -6.172
271.1     -6.085
271.238     -6.046
271.375     -6.007
271.421     -5.92
271.471     -5.832
271.517     -5.745
271.567     -5.658
271.613     -5.571
271.571     -5.436
271.529     -5.301
271.579     -5.214
271.625     -5.126
271.675     -5.039
271.721     -4.952
271.767     -4.864
271.817     -4.777
271.863     -4.69
271.913     -4.602
271.958     -4.515
272.004     -4.428
272.054     -4.341
272.1     -4.253
272.146     -4.166
272.196     -4.078
272.242     -3.991
272.375     -3.951
272.512     -3.911
272.646     -3.87
272.783     -3.83
272.917     -3.789
273.054     -3.749
273.188     -3.709
273.371     -3.58
273.325     -3.668
273.458     -3.627
273.546     -3.674
273.637     -3.721
273.771     -3.681
273.908     -3.64
273.996     -3.687
274.083     -3.734
274.221     -3.693
274.354     -3.652
274.488     -3.611
274.538     -3.523
274.583     -3.435
274.717     -3.394
274.854     -3.352
274.9     -3.264
274.946     -3.176
275.083     -3.135
275.217     -3.094
275.354     -3.052
275.488     -3.011
275.533     -2.922
275.579     -2.834
275.717     -2.793
275.85     -2.751
275.896     -2.663
275.942     -2.574
276.079     -2.533
276.212     -2.491
276.258     -2.403
276.308     -2.314
276.442     -2.272
276.575     -2.231
276.713     -2.189
276.846     -2.147
276.892     -2.058
276.938     -1.97
277.075     -1.928
277.208     -1.886
277.346     -1.844
277.479     -1.802
277.525     -1.713
277.571     -1.625
277.704     -1.582
277.842     -1.54
277.887     -1.452
277.933     -1.363
278.067     -1.321
278.204     -1.279
278.25     -1.19
278.296     -1.101
278.342     -1.013
278.387     -0.924
278.433     -0.836
278.479     -0.747
278.617     -0.705
278.75     -0.662
278.796     -0.574
278.842     -0.485
278.975     -0.442
279.113     -0.4
279.246     -0.357
279.379     -0.315
279.425     -0.226
279.475     -0.137
279.521     -0.049
279.567     0.04
279.613     0.128
279.658     0.217
279.704     0.306
279.75     0.394
279.883     0.437
280.017     0.48
280.067     0.569
280.113     0.657
280.246     0.7
280.379     0.743
280.425     0.831
280.471     0.92
280.608     0.963
280.742     1.006
280.788     1.094
280.833     1.183
280.879     1.272
280.925     1.361
280.971     1.449
281.017     1.538
281.154     1.581
281.288     1.624
281.333     1.713
281.379     1.801
281.512     1.844
281.65     1.887
281.783     1.93
281.871     1.884
281.963     1.838
282.096     1.881
282.229     1.923
282.321     1.877
282.408     1.831
282.496     1.785
282.587     1.739
282.721     1.782
282.854     1.825
282.946     1.779
283.033     1.733
283.121     1.687
283.213     1.641
283.3     1.594
283.387     1.549
283.525     1.591
283.658     1.634
283.792     1.677
283.929     1.719
284.063     1.762
284.108     1.851
284.154     1.939
284.2     2.028
284.246     2.117
284.296     2.206
284.25     2.34
284.208     2.475
284.254     2.564
284.3     2.653
284.258     2.788
284.217     2.923
284.175     3.057
284.129     3.192
284.175     3.281
284.221     3.369
284.179     3.504
284.137     3.639
284.183     3.728
284.229     3.817
284.275     3.906
284.321     3.994
284.367     4.083
284.417     4.172
284.463     4.26
284.508     4.349
284.554     4.438
284.6     4.526
284.646     4.615
284.692     4.704
284.737     4.792
284.783     4.881
284.833     4.97
284.879     5.059
284.925     5.147
284.971     5.236
285.017     5.325
285.063     5.413
285.108     5.502
285.246     5.544
285.379     5.587
285.429     5.676
285.475     5.764
285.521     5.853
285.567     5.941
285.613     6.03
285.658     6.119
285.708     6.207
285.754     6.296
285.8     6.384
285.846     6.473
285.892     6.562
285.942     6.65
285.988     6.739
286.033     6.828
286.079     6.916
286.125     7.005
286.175     7.093
286.221     7.182
286.267     7.27
286.313     7.359
286.363     7.448
286.408     7.536
286.546     7.578
286.679     7.62
286.729     7.709
286.775     7.797
286.821     7.886
286.867     7.974
286.917     8.063
286.963     8.151
287.008     8.24
287.058     8.328
287.192     8.37
287.329     8.412
287.375     8.5
287.425     8.589
287.471     8.677
287.517     8.765
287.567     8.854
287.613     8.942
287.663     9.031
287.708     9.119
287.754     9.207
287.804     9.296
287.85     9.384
287.896     9.473
287.946     9.561
287.992     9.649
288.042     9.737
288.087     9.826
288.133     9.914
288.183     10.003
288.229     10.091
288.279     10.179
288.325     10.267
288.375     10.356
288.421     10.444
288.471     10.532
288.517     10.62
288.567     10.709
288.613     10.797
288.663     10.885
288.708     10.973
288.758     11.061
288.804     11.15
288.854     11.238
288.9     11.326
288.95     11.414
288.996     11.503
289.046     11.591
289.183     11.631
289.321     11.672
289.371     11.761
289.417     11.849
289.467     11.937
289.517     12.025
289.654     12.065
289.792     12.106
289.842     12.194
289.887     12.282
289.938     12.37
289.988     12.458
290.033     12.546
290.083     12.634
290.133     12.722
290.179     12.81
290.321     12.85
290.458     12.89
290.508     12.978
290.467     13.114
290.425     13.249
290.475     13.337
290.525     13.425
290.571     13.513
290.621     13.601
290.579     13.736
290.538     13.872
290.587     13.96
290.637     14.048
290.688     14.136
290.738     14.223
290.788     14.311
290.833     14.399
290.883     14.487
290.933     14.574
290.983     14.662
290.963     20.256
290.817     20.216
290.721     20.264
290.629     20.312
290.483     20.271
290.342     20.231
290.246     20.279
290.154     20.326
290.058     20.374
289.967     20.421
289.871     20.468
289.775     20.516
289.633     20.475
289.488     20.434
289.342     20.393
289.292     20.305
289.242     20.217
289.192     20.128
289.237     19.993
289.283     19.858
289.325     19.723
289.371     19.588
289.321     19.5
289.271     19.412
289.313     19.276
289.358     19.141
289.308     19.053
289.258     18.965
289.3     18.83
289.346     18.694
289.296     18.606
289.246     18.518
289.288     18.383
289.329     18.248
289.283     18.16
289.233     18.071
289.275     17.936
289.317     17.801
289.267     17.713
289.221     17.625
289.262     17.489
289.354     17.442
289.446     17.395
289.492     17.26
289.533     17.124
289.575     16.989
289.617     16.854
289.658     16.718
289.704     16.583
289.746     16.447
289.788     16.312
289.829     16.176
289.871     16.041
289.913     15.905
289.867     15.817
289.817     15.729
289.858     15.594
289.9     15.458
289.942     15.323
289.983     15.187
290.025     15.052
290.067     14.916
290.017     14.828
289.967     14.74
289.921     14.653
289.871     14.564
289.821     14.476
289.771     14.388
289.725     14.3
289.675     14.212
289.625     14.124
289.575     14.036
289.529     13.948
289.387     13.908
289.25     13.867
289.2     13.779
289.15     13.69
289.012     13.649
288.875     13.608
288.825     13.52
288.775     13.432
288.729     13.344
288.679     13.256
288.542     13.214
288.4     13.173
288.354     13.085
288.304     12.997
288.258     12.908
288.3     12.773
288.342     12.638
288.292     12.549
288.246     12.461
288.288     12.326
288.329     12.191
288.371     12.056
288.412     11.92
288.367     11.832
288.317     11.744
288.362     11.608
288.404     11.473
288.354     11.385
288.308     11.297
288.258     11.208
288.213     11.12
288.163     11.032
288.117     10.943
288.067     10.855
288.021     10.767
288.063     10.632
288.104     10.496
288.058     10.408
288.008     10.32
287.963     10.231
287.913     10.143
287.867     10.055
287.817     9.966
287.771     9.878
287.725     9.789
287.675     9.701
287.629     9.613
287.583     9.524
287.446     9.483
287.308     9.441
287.258     9.353
287.213     9.264
287.075     9.222
286.938     9.181
286.892     9.092
286.846     9.003
286.708     8.961
286.571     8.919
286.525     8.831
286.479     8.743
286.429     8.654
286.383     8.565
286.246     8.523
286.108     8.481
286.063     8.393
286.017     8.304
285.879     8.262
285.742     8.219
285.696     8.131
285.65     8.042
285.512     8
285.379     7.958
285.329     7.869
285.283     7.78
285.238     7.691
285.192     7.603
285.054     7.56
284.917     7.518
284.871     7.429
284.825     7.341
284.692     7.298
284.554     7.255
284.508     7.167
284.463     7.078
284.325     7.035
284.188     6.993
284.054     6.95
283.917     6.907
283.783     6.864
283.646     6.822
283.508     6.779
283.421     6.825
283.333     6.871
283.196     6.828
283.058     6.785
282.971     6.831
282.879     6.877
282.746     6.834
282.608     6.791
282.475     6.748
282.429     6.659
282.383     6.571
282.246     6.528
282.113     6.484
282.067     6.396
282.021     6.307
281.975     6.218
282.017     6.084
282.058     5.949
282.012     5.86
281.967     5.771
282.012     5.637
282.054     5.502
282.008     5.413
281.963     5.325
281.917     5.236
281.871     5.147
281.825     5.058
281.779     4.969
281.733     4.881
281.688     4.792
281.729     4.657
281.775     4.523
281.729     4.434
281.683     4.345
281.725     4.211
281.767     4.076
281.721     3.987
281.675     3.898
281.629     3.809
281.583     3.721
281.538     3.632
281.492     3.543
281.446     3.454
281.4     3.366
281.354     3.277
281.308     3.188
281.262     3.099
281.217     3.011
281.171     2.922
281.125     2.833
281.079     2.744
281.033     2.656
280.987     2.567
280.85     2.524
280.717     2.481
280.671     2.392
280.625     2.304
280.492     2.261
280.354     2.218
280.221     2.175
280.087     2.132
279.95     2.089
279.817     2.047
279.683     2.004
279.592     2.05
279.504     2.096
279.371     2.053
279.233     2.01
279.1     1.968
278.967     1.925
278.875     1.971
278.788     2.017
278.654     1.974
278.517     1.931
278.383     1.889
278.25     1.846
278.158     1.892
278.071     1.938
277.938     1.895
277.8     1.853
277.667     1.81
277.533     1.767
277.396     1.725
277.35     1.637
277.304     1.548
277.171     1.506
277.038     1.463
276.9     1.421
276.767     1.378
276.633     1.336
276.496     1.294
276.363     1.251
276.229     1.209
276.096     1.167
275.958     1.125
275.913     1.037
275.867     0.948
275.733     0.906
275.6     0.864
275.554     0.776
275.508     0.688
275.463     0.6
275.417     0.512
275.371     0.423
275.325     0.335
275.275     0.247
275.229     0.159
275.183     0.071
275.229     -0.063
275.271     -0.198
275.225     -0.286
275.179     -0.374
275.133     -0.462
275.087     -0.55
275.042     -0.638
274.992     -0.726
274.946     -0.814
274.9     -0.902
274.854     -0.991
274.808     -1.078
274.762     -1.166
274.629     -1.208
274.492     -1.249
274.358     -1.291
274.225     -1.332
274.087     -1.373
273.954     -1.415
273.821     -1.456
273.683     -1.497
273.55     -1.538
273.412     -1.579
273.279     -1.62
273.192     -1.573
273.104     -1.527
272.967     -1.567
272.833     -1.608
272.7     -1.649
272.563     -1.69
272.429     -1.73
272.296     -1.771
272.204     -1.724
272.117     -1.677
271.983     -1.717
271.846     -1.758
271.758     -1.711
271.671     -1.664
271.583     -1.617
271.496     -1.57
271.404     -1.523
271.317     -1.476
271.183     -1.516
271.05     -1.556
270.958     -1.509
270.871     -1.462
270.738     -1.502
270.604     -1.541
270.512     -1.494
270.425     -1.447
270.337     -1.4
270.25     -1.353
270.163     -1.306
270.075     -1.258
269.983     -1.211
269.896     -1.164
269.808     -1.117
269.721     -1.07
269.633     -1.022
269.546     -0.976
269.408     -1.015
269.275     -1.054
269.188     -1.007
269.1     -0.96
269.008     -0.912
268.921     -0.865
268.833     -0.818
268.746     -0.771
268.658     -0.723
268.571     -0.676
268.483     -0.629
268.392     -0.582
268.304     -0.534
268.262     -0.401
268.221     -0.267
268.133     -0.22
268.046     -0.173
268.004     -0.04
267.963     0.093
267.917     0.226
267.875     0.359
267.833     0.492
267.792     0.625
267.704     0.672
267.617     0.719
267.571     0.852
267.529     0.985
267.442     1.032
267.354     1.079
267.262     1.126
267.175     1.173
267.133     1.305
267.092     1.438
267     1.485
266.913     1.532
266.871     1.664
266.829     1.796
266.783     1.929
266.742     2.061
266.696     2.193
266.654     2.325
266.613     2.457
266.654     2.543
266.7     2.628
266.658     2.76
266.613     2.892
266.658     2.978
266.704     3.063
266.746     3.149
266.792     3.234
266.837     3.32
266.879     3.406
266.925     3.491
266.971     3.577
267.017     3.662
267.058     3.748
267.104     3.834
267.15     3.919
267.192     4.005
267.238     4.091
267.283     4.177
267.325     4.263
267.371     4.348
267.413     4.434
267.458     4.52
267.504     4.606
267.546     4.692
267.592     4.778
267.633     4.863
267.679     4.949
267.725     5.035
267.767     5.121
267.813     5.207
267.854     5.293
267.9     5.379
268.033     5.42
268.167     5.461
268.213     5.547
268.254     5.633
268.387     5.674
268.521     5.715
268.567     5.801
268.608     5.887
268.742     5.929
268.875     5.97
269.008     6.011
269.142     6.053
269.188     6.139
269.233     6.226
269.367     6.267
269.5     6.309
269.633     6.35
269.767     6.392
269.808     6.479
269.854     6.565
269.988     6.607
270.121     6.649
270.254     6.691
270.387     6.733
270.433     6.82
270.475     6.907
270.613     6.949
270.746     6.991
270.788     7.078
270.833     7.166
270.875     7.253
270.921     7.339
270.963     7.427
271.008     7.514
271.142     7.556
271.275     7.599
271.321     7.686
271.363     7.773
271.408     7.86
271.45     7.948
271.583     7.99
271.721     8.033
271.762     8.12
271.808     8.208
271.942     8.251
272.075     8.294
272.117     8.381
272.163     8.468
272.204     8.556
272.25     8.643
272.292     8.731
272.337     8.818
272.471     8.861
272.604     8.905
272.65     8.992
272.692     9.08
272.738     9.167
272.779     9.255
272.917     9.298
273.05     9.342
273.092     9.429
273.137     9.517
273.179     9.605
273.225     9.693
273.358     9.736
273.496     9.78
273.538     9.868
273.583     9.955
273.625     10.043
273.667     10.131
273.713     10.219
273.754     10.306
273.8     10.394
273.842     10.482
273.887     10.57
273.929     10.658
273.975     10.746
274.017     10.834
274.063     10.921
274.104     11.009
274.15     11.097
274.192     11.185
274.237     11.273
274.279     11.361
274.321     11.449
274.367     11.537
274.408     11.625
274.454     11.712
274.496     11.801
274.542     11.889
274.675     11.933
274.813     11.978
274.854     12.066
274.9     12.154
274.942     12.242
274.988     12.33
275.121     12.374
275.258     12.419
275.392     12.463
275.529     12.508
275.667     12.553
275.8     12.597
275.938     12.642
276.075     12.686
276.208     12.731
276.3     12.688
276.392     12.644
276.529     12.688
276.667     12.733
276.804     12.778
276.846     12.866
276.892     12.954
277.025     12.999
277.162     13.044
277.208     13.132
277.25     13.221
277.387     13.265
277.525     13.31
277.571     13.398
277.613     13.487
277.75     13.532
277.887     13.576
278.025     13.621
278.163     13.666
278.3     13.711
278.433     13.755
278.571     13.8
278.667     13.756
278.758     13.712
278.942     13.624
279.033     13.58
279.125     13.536
279.262     13.58
279.4     13.624
279.538     13.669
279.583     13.758
279.629     13.846
279.675     13.935
279.625     14.068
279.579     14.201
279.625     14.289
279.667     14.378
279.621     14.511
279.571     14.644
279.617     14.732
279.663     14.821
279.708     14.91
279.754     14.998
279.704     15.131
279.658     15.264
279.7     15.353
279.746     15.441
279.696     15.574
279.65     15.706
279.6     15.839
279.554     15.971
279.504     16.103
279.454     16.236
279.404     16.368
279.358     16.5
279.4     16.589
279.446     16.678
279.396     16.81
279.346     16.942
279.392     17.031
279.438     17.119
279.387     17.251
279.337     17.383
279.288     17.515
279.238     17.647
279.188     17.779
279.137     17.911
279.087     18.042
279.033     18.174
278.983     18.305
278.933     18.437
278.883     18.568
278.833     18.7
278.875     18.788
278.921     18.877
278.962     18.966
279.008     19.054
279.054     19.143
279.096     19.231
279.142     19.32
279.188     19.409
279.229     19.498
279.275     19.586
279.321     19.675
279.363     19.764
279.408     19.852
279.454     19.941
279.496     20.029
279.542     20.118
279.587     20.207
279.629     20.296
279.675     20.384
279.721     20.473
279.762     20.562
279.808     20.65
279.854     20.739
279.896     20.828
279.942     20.916
279.987     21.005
280.033     21.094
280.075     21.183
280.121     21.271
280.167     21.36
280.213     21.449
280.254     21.538
280.3     21.626
280.346     21.715
280.392     21.804
280.433     21.893
280.479     21.981
280.525     22.07
280.571     22.159
280.613     22.248
280.658     22.336
280.704     22.425
280.75     22.514
280.796     22.603
280.842     22.691
280.883     22.78
280.833     22.911
280.779     23.042
280.825     23.131
280.867     23.22
280.912     23.308
280.958     23.397
281.004     23.486
281.05     23.575
281.096     23.663
281.142     23.752
281.183     23.841
281.229     23.93
281.275     24.019
281.321     24.107
281.367     24.196
281.413     24.285
281.458     24.374
281.604     24.42
281.746     24.466
281.792     24.555
281.837     24.644
281.883     24.733
281.929     24.822
281.975     24.91
282.021     24.999
282.167     25.046
282.313     25.092
282.358     25.181
282.404     25.269
282.554     25.316
282.7     25.362
282.746     25.451
282.792     25.539
282.883     25.717
282.929     25.806
282.979     25.894
283.125     25.941
283.271     25.986
283.317     26.075
283.367     26.164
283.413     26.253
283.458     26.341
283.504     26.43
283.554     26.519
283.6     26.608
283.646     26.697
283.796     26.743
283.946     26.788
283.992     26.877
284.038     26.966
284.087     27.054
284.133     27.143
284.183     27.232
284.229     27.321
284.275     27.409
284.325     27.498
284.371     27.587
284.421     27.676
284.467     27.764
284.517     27.853
284.563     27.942
284.612     28.03
284.658     28.119
284.708     28.208
284.858     28.253
285.008     28.299
285.058     28.388
285.104     28.476
285.154     28.565
285.1     28.697
285.046     28.829
285.092     28.917
285.142     29.006
285.192     29.094
285.238     29.183
285.183     29.315
285.129     29.447
285.179     29.536
285.225     29.624
285.171     29.756
285.117     29.888
285.058     30.019
285.004     30.15
285.054     30.239
285.1     30.328
285.046     30.459
284.988     30.591
284.933     30.722
284.875     30.853
284.817     30.984
284.758     31.115
284.704     31.246
284.646     31.377
284.587     31.508
284.529     31.638
284.471     31.769
284.413     31.9
284.458     31.988
284.508     32.077
284.45     32.208
284.387     32.338
284.438     32.427
284.483     32.516
284.533     32.604
284.583     32.693
284.629     32.782
284.679     32.87
284.729     32.959
284.775     33.048
284.825     33.136
284.875     33.225
284.921     33.314
284.971     33.402
285.021     33.491
285.067     33.58
285.117     33.669
285.167     33.757
285.217     33.846
285.262     33.934
285.313     34.023
285.471     34.07
285.633     34.117
285.679     34.205
285.729     34.294
285.779     34.383
285.829     34.471
285.879     34.56
285.929     34.648
285.979     34.737
286.029     34.826
286.079     34.914
286.129     35.003
286.179     35.091
286.229     35.18
286.283     35.268
286.333     35.357
286.496     35.403
286.654     35.449
286.708     35.538
286.758     35.626
286.921     35.673
287.083     35.718
287.246     35.764
287.408     35.81
287.512     35.986
287.462     35.898
287.625     35.943
287.788     35.989
287.842     36.077
287.779     36.209
287.721     36.34
287.775     36.428
287.713     36.56
287.654     36.691
287.704     36.779
287.758     36.868
287.696     36.999
287.637     37.13
287.575     37.261
287.512     37.392
287.45     37.523
287.387     37.654
287.325     37.784
287.262     37.915
287.2     38.046
287.137     38.176
287.192     38.264
287.242     38.353
287.296     38.441
287.346     38.53
287.4     38.618
287.45     38.707
287.504     38.795
287.554     38.883
287.608     38.972
287.663     39.06
287.713     39.149
287.767     39.237
287.821     39.325
287.992     39.371
288.163     39.418
288.217     39.506
288.267     39.594
288.442     39.64
288.613     39.685
288.667     39.774
288.721     39.862
288.775     39.95
288.829     40.038
289     40.084
289.175     40.129
289.229     40.217
289.283     40.305
289.458     40.35
289.633     40.394
289.688     40.483
289.746     40.571
289.921     40.615
290.092     40.659
290.15     40.747
290.208     40.835
290.262     40.923
290.321     41.011
290.379     41.099
290.433     41.187
290.492     41.275
290.55     41.363
290.604     41.45
290.663     41.538
290.721     41.626
290.779     41.714
290.837     41.802
290.896     41.889
290.954     41.977
290.883     -3.341
290.75     -3.383
290.704     -3.471
290.658     -3.559
290.613     -3.647
290.658     -3.78
290.7     -3.914
290.654     -4.001
290.608     -4.089
290.654     -4.222
290.7     -4.356
290.654     -4.444
290.608     -4.532
290.654     -4.665
290.696     -4.798
290.654     -4.886
290.608     -4.974
290.65     -5.107
290.696     -5.24
290.742     -5.373
290.788     -5.506
290.742     -5.594
290.696     -5.682
290.742     -5.815
290.788     -5.948
290.742     -6.036
290.696     -6.124
290.742     -6.256
290.788     -6.389
290.833     -6.522
290.879     -6.655
290.833     -6.742
290.792     -6.83
290.837     -6.963
290.879     -7.096
290.925     -7.228
290.971     -7.361
290.929     -7.449
290.883     -7.536
290.929     -7.669
290.975     -7.801
290.933     -7.889
290.887     -7.977
290.933     -8.109
290.979     -8.241
290.938     -8.329
290.892     -8.417
290.938     -8.549
290.988     -8.681
290.942     -8.769
290.896     -8.857
290.946     -8.989
290.992     -9.121
290.946     -9.209
290.904     -9.296
290.95     -9.428
290.954     -9.648
290.913     -9.736
290.958     -9.867
290.983     -12.803
290.996     -13.24
290.967     -13.765
290.925     -13.852
290.975     -13.983
290.983     -14.201
290.942     -14.289
290.9     -14.377
290.854     -14.464
290.813     -14.552
290.771     -14.64
290.729     -14.728
290.683     -14.816
290.738     -14.946
290.788     -15.076
290.746     -15.164
290.704     -15.252
290.754     -15.382
290.804     -15.512
290.762     -15.599
290.721     -15.687
290.679     -15.775
290.637     -15.863
290.688     -15.993
290.742     -16.122
290.7     -16.21
290.658     -16.298
290.708     -16.428
290.762     -16.557
290.813     -16.687
290.867     -16.816
290.921     -16.946
290.975     -17.075
290.967     -20.023
290.925     -20.111
290.883     -20.199
290.842     -20.286
290.8     -20.374
290.762     -20.462
290.721     -20.55
290.679     -20.638
290.637     -20.726
290.596     -20.813
290.554     -20.901
290.512     -20.989
290.475     -21.077
290.433     -21.165
290.392     -21.253
290.35     -21.341
290.308     -21.428
290.267     -21.516
290.225     -21.604
290.283     -21.732
290.342     -21.86
290.3     -21.947
290.258     -22.036
290.217     -22.123
290.179     -22.211
290.137     -22.299
290.096     -22.387
290.154     -22.515
290.212     -22.642
290.171     -22.73
290.129     -22.818
290.192     -22.945
290.25     -23.072
290.208     -23.161
290.167     -23.248
290.225     -23.376
290.288     -23.502
290.246     -23.59
290.204     -23.678
290.267     -23.805
290.325     -23.932
290.283     -24.02
290.246     -24.108
290.304     -24.234
290.367     -24.361
290.325     -24.449
290.283     -24.537
290.346     -24.663
290.408     -24.789
290.367     -24.877
290.329     -24.965
290.387     -25.091
290.45     -25.217
290.413     -25.305
290.371     -25.393
290.329     -25.481
290.292     -25.569
290.25     -25.657
290.212     -25.745
290.171     -25.833
290.129     -25.921
290.092     -26.009
290.05     -26.096
290.008     -26.184
289.867     -26.234
289.725     -26.284
289.683     -26.372
289.642     -26.461
289.604     -26.549
289.563     -26.637
289.521     -26.725
289.483     -26.813
289.442     -26.901
289.4     -26.989
289.258     -27.039
289.113     -27.089
289.071     -27.178
289.029     -27.266
288.992     -27.354
288.95     -27.442
288.804     -27.492
288.658     -27.543
288.617     -27.631
288.579     -27.719
288.433     -27.769
288.288     -27.82
288.246     -27.908
288.204     -27.996
288.163     -28.085
288.121     -28.173
288.079     -28.261
288.042     -28.349
288     -28.438
287.958     -28.526
287.917     -28.615
287.875     -28.703
287.833     -28.791
287.792     -28.88
287.75     -28.968
287.708     -29.056
287.667     -29.145
287.625     -29.233
287.587     -29.322
287.546     -29.41
287.504     -29.498
287.462     -29.587
287.421     -29.675
287.483     -29.801
287.55     -29.927
287.508     -30.016
287.467     -30.104
287.533     -30.23
287.6     -30.356
287.667     -30.481
287.733     -30.607
287.692     -30.695
287.65     -30.784
287.717     -30.909
287.788     -31.034
287.854     -31.159
287.921     -31.284
287.883     -31.373
287.842     -31.461
287.908     -31.586
287.979     -31.711
287.938     -31.799
287.896     -31.887
287.858     -31.976
287.817     -32.064
287.883     -32.189
287.954     -32.313
287.913     -32.402
287.875     -32.49
287.833     -32.578
287.792     -32.667
287.754     -32.755
287.713     -32.843
287.783     -32.968
287.854     -33.092
287.813     -33.18
287.771     -33.269
287.733     -33.357
287.692     -33.445
287.65     -33.534
287.613     -33.622
287.683     -33.746
287.754     -33.87
287.717     -33.958
287.675     -34.047
287.633     -34.135
287.592     -34.224
287.554     -34.312
287.512     -34.4
287.587     -34.524
287.658     -34.647
287.621     -34.736
287.579     -34.824
287.538     -34.913
287.5     -35.001
287.458     -35.089
287.417     -35.178
287.375     -35.266
287.337     -35.355
287.296     -35.443
287.254     -35.532
287.217     -35.62
287.175     -35.709
287.133     -35.797
287.092     -35.886
287.054     -35.974
287.012     -36.062
286.971     -36.151
286.929     -36.239
286.892     -36.328
286.85     -36.416
286.808     -36.505
286.767     -36.593
286.725     -36.682
286.688     -36.77
286.646     -36.859
286.604     -36.947
286.563     -37.036
286.404     -37.09
286.246     -37.144
286.204     -37.232
286.163     -37.321
286.121     -37.409
286.079     -37.498
285.921     -37.551
285.762     -37.605
285.721     -37.694
285.675     -37.782
285.517     -37.836
285.354     -37.889
285.313     -37.978
285.271     -38.067
285.108     -38.12
284.95     -38.173
284.904     -38.262
284.863     -38.351
284.7     -38.404
284.538     -38.457
284.496     -38.546
284.45     -38.635
284.288     -38.688
284.125     -38.741
284.083     -38.829
284.038     -38.918
283.996     -39.007
283.95     -39.096
283.788     -39.148
283.621     -39.201
283.575     -39.29
283.533     -39.379
283.488     -39.467
283.442     -39.556
283.279     -39.609
283.113     -39.661
283.067     -39.75
283.021     -39.839
282.854     -39.891
282.688     -39.944
282.642     -40.032
282.6     -40.121
282.554     -40.21
282.508     -40.299
282.337     -40.351
282.171     -40.403
282.125     -40.492
282.079     -40.581
282.033     -40.669
281.988     -40.758
281.938     -40.847
281.892     -40.936
281.725     -40.988
281.554     -41.039
281.508     -41.128
281.458     -41.217
281.413     -41.306
281.367     -41.394
281.317     -41.483
281.271     -41.572
281.1     -41.624
280.925     -41.675
280.879     -41.764
280.829     -41.853
280.783     -41.941
280.733     -42.03
280.688     -42.119
280.637     -42.208
280.592     -42.296
280.542     -42.385
280.492     -42.474
280.446     -42.563
280.396     -42.651
280.346     -42.74
280.171     -42.791
279.996     -42.842
279.946     -42.931
279.9     -43.02
279.85     -43.109
279.8     -43.197
279.75     -43.286
279.7     -43.375
279.521     -43.426
279.346     -43.476
279.296     -43.565
279.246     -43.654
279.067     -43.704
278.887     -43.754
278.837     -43.843
278.783     -43.932
278.604     -43.982
278.425     -44.032
278.375     -44.12
278.321     -44.209
278.142     -44.259
277.958     -44.308
277.908     -44.397
277.854     -44.485
277.675     -44.534
277.492     -44.584
277.438     -44.672
277.383     -44.761
277.329     -44.849
277.275     -44.937
277.092     -44.986
276.908     -45.035
276.854     -45.124
276.8     -45.212
276.617     -45.26
276.429     -45.309
276.246     -45.357
276.058     -45.404
275.875     -45.452
275.688     -45.499
275.629     -45.588
275.575     -45.676
275.387     -45.723
275.2     -45.77
275.142     -45.858
275.083     -45.946
274.896     -45.993
274.708     -46.039
274.65     -46.127
274.592     -46.215
274.533     -46.303
274.475     -46.391
274.283     -46.437
274.092     -46.483
274.033     -46.571
273.975     -46.659
273.913     -46.747
273.854     -46.835
273.796     -46.922
273.733     -47.01
273.675     -47.098
273.613     -47.186
273.421     -47.231
273.225     -47.276
273.163     -47.364
273.104     -47.452
273.042     -47.539
272.979     -47.627
272.783     -47.671
272.587     -47.716
272.525     -47.803
272.462     -47.891
272.4     -47.978
272.337     -48.066
272.137     -48.11
271.942     -48.153
271.875     -48.241
271.813     -48.328
271.75     -48.416
271.683     -48.503
271.621     -48.59
271.554     -48.677
271.492     -48.764
271.425     -48.852
271.358     -48.939
271.296     -49.026
271.229     -49.113
271.163     -49.2
270.958     -49.243
270.758     -49.286
270.692     -49.372
270.621     -49.459
270.554     -49.546
270.487     -49.633
270.421     -49.72
270.354     -49.807
270.288     -49.894
270.217     -49.981
270.012     -50.022
269.804     -50.064
269.733     -50.151
269.667     -50.237
269.458     -50.278
269.246     -50.319
269.179     -50.406
269.108     -50.492
268.896     -50.532
268.687     -50.572
268.617     -50.659
268.542     -50.745
268.329     -50.784
268.121     -50.824
268.046     -50.91
267.975     -50.996
267.9     -51.082
267.825     -51.168
267.754     -51.254
267.679     -51.34
267.463     -51.378
267.25     -51.416
267.175     -51.502
267.1     -51.588
266.883     -51.625
266.667     -51.662
266.587     -51.748
266.512     -51.834
266.292     -51.87
266.075     -51.907
265.996     -51.992
265.921     -52.077
265.7     -52.113
265.479     -52.149
265.258     -52.184
265.038     -52.219
264.817     -52.254
264.596     -52.288
264.371     -52.322
264.15     -52.356
263.925     -52.389
263.704     -52.422
263.479     -52.454
263.254     -52.487
263.033     -52.519
262.808     -52.55
262.583     -52.581
262.358     -52.612
262.133     -52.643
261.904     -52.673
261.821     -52.756
261.733     -52.839
261.504     -52.869
261.279     -52.898
261.05     -52.927
260.821     -52.955
260.592     -52.983
260.363     -53.011
260.133     -53.038
259.904     -53.065
259.675     -53.092
259.446     -53.118
259.217     -53.144
258.988     -53.169
258.892     -53.25
258.8     -53.332
258.567     -53.357
258.337     -53.381
258.242     -53.462
258.146     -53.543
257.913     -53.567
257.679     -53.59
257.583     -53.671
257.487     -53.751
257.392     -53.832
257.292     -53.912
257.196     -53.993
257.096     -54.073
257     -54.154
257.038     -54.292
257.079     -54.431
257.121     -54.569
257.163     -54.708
257.204     -54.846
257.246     -54.985
257.146     -55.065
257.046     -55.146
257.087     -55.284
257.133     -55.422
257.175     -55.561
257.217     -55.699
257.262     -55.837
257.308     -55.975
257.35     -56.113
257.396     -56.251
257.442     -56.389
257.487     -56.527
257.533     -56.665
257.583     -56.803
257.629     -56.941
257.679     -57.079
257.725     -57.216
257.775     -57.354
257.825     -57.492
257.875     -57.629
257.771     -57.71
257.667     -57.791
257.717     -57.928
257.767     -58.066
257.663     -58.147
257.554     -58.227
257.604     -58.365
257.658     -58.502
257.55     -58.583
257.442     -58.664
257.337     -58.744
257.229     -58.824
257.279     -58.962
257.329     -59.099
257.221     -59.18
257.113     -59.261
257.004     -59.341
256.892     -59.421
256.942     -59.559
256.996     -59.696
256.883     -59.776
256.771     -59.856
256.825     -59.994
256.875     -60.131
256.929     -60.269
256.983     -60.406
256.871     -60.486
256.754     -60.566
256.529     -60.727
256.413     -60.807
256.296     -60.886
256.179     -60.966
256.063     -61.046
255.946     -61.126
255.829     -61.205
255.713     -61.284
255.592     -61.364
255.642     -61.502
255.696     -61.639
255.575     -61.719
255.454     -61.798
255.333     -61.877
255.213     -61.956
255.092     -62.035
254.967     -62.114
255.017     -62.252
255.067     -62.39
254.946     -62.469
254.821     -62.547
254.696     -62.626
254.571     -62.705
254.621     -62.843
254.671     -62.981
254.542     -63.059
254.417     -63.138
254.467     -63.275
254.517     -63.413
254.387     -63.492
254.258     -63.57
254     -63.727
253.867     -63.805
253.733     -63.883
253.783     -64.021
253.833     -64.159
253.7     -64.237
253.567     -64.314
253.433     -64.392
253.296     -64.47
253.163     -64.548
253.025     -64.625
253.071     -64.763
253.121     -64.901
252.983     -64.979
252.842     -65.056
252.704     -65.133
252.562     -65.211
252.421     -65.287
252.279     -65.364
252.137     -65.441
251.992     -65.518
251.846     -65.595
251.7     -65.671
251.554     -65.748
251.408     -65.824
251.262     -65.9
251.113     -65.976
250.963     -66.052
250.812     -66.128
250.663     -66.204
250.508     -66.279
250.358     -66.355
250.204     -66.43
250.05     -66.505
249.892     -66.58
249.933     -66.719
249.971     -66.857
249.812     -66.932
249.654     -67.007
249.496     -67.082
249.337     -67.157
249.175     -67.231
249.013     -67.305
248.85     -67.38
248.688     -67.454
248.521     -67.527
248.358     -67.601
248.192     -67.675
248.021     -67.748
247.854     -67.822
247.683     -67.895
247.512     -67.968
247.342     -68.041
247.171     -68.114
246.996     -68.186
246.821     -68.259
246.646     -68.331
246.471     -68.403
246.292     -68.475
246.112     -68.547
245.733     -68.551
245.35     -68.554
245.167     -68.624
244.983     -68.695
244.8     -68.766
244.617     -68.836
244.429     -68.906
244.242     -68.976
244.05     -69.046
243.863     -69.116
243.471     -69.115
243.079     -69.114
242.887     -69.183
242.692     -69.251
242.296     -69.248
241.904     -69.244
241.704     -69.312
241.504     -69.379
241.108     -69.374
240.713     -69.367
240.513     -69.434
240.308     -69.5
239.908     -69.492
239.512     -69.483
239.113     -69.474
238.717     -69.463
238.321     -69.452
237.921     -69.44
237.525     -69.427
237.129     -69.413
236.733     -69.399
236.338     -69.384
236.125     -69.445
235.904     -69.507
235.508     -69.489
235.112     -69.472
234.717     -69.453
234.325     -69.433
233.929     -69.413
233.538     -69.392
233.142     -69.37
232.75     -69.347
232.358     -69.323
231.971     -69.299
231.579     -69.273
231.192     -69.247
230.962     -69.303
230.733     -69.358
230.342     -69.331
229.954     -69.302
229.721     -69.356
229.487     -69.41
229.1     -69.379
228.708     -69.348
228.475     -69.401
228.237     -69.453
228     -69.505
227.758     -69.557
227.521     -69.608
227.279     -69.659
227.033     -69.71
226.792     -69.761
226.546     -69.811
226.3     -69.861
225.908     -69.824
225.517     -69.786
225.267     -69.834
225.017     -69.883
224.767     -69.931
224.517     -69.978
224.263     -70.026
224.008     -70.072
223.754     -70.119
223.5     -70.165
223.242     -70.211
222.983     -70.257
222.725     -70.302
222.467     -70.347
222.071     -70.302
221.675     -70.256
221.413     -70.3
221.15     -70.343
220.888     -70.386
220.621     -70.428
220.229     -70.379
219.838     -70.33
219.571     -70.371
219.304     -70.411
219.033     -70.452
218.767     -70.491
218.375     -70.439
217.988     -70.386
217.717     -70.424
217.446     -70.462
217.171     -70.5
216.9     -70.537
216.625     -70.574
216.346     -70.611
216.071     -70.646
215.792     -70.682
215.408     -70.624
215.025     -70.565
214.746     -70.599
214.467     -70.633
214.188     -70.666
213.904     -70.699
213.621     -70.732
213.338     -70.764
213.054     -70.796
212.771     -70.827
212.483     -70.858
212.2     -70.888
211.913     -70.919
211.625     -70.948
211.333     -70.977
211.046     -71.006
210.754     -71.035
210.463     -71.062
210.171     -71.09
209.879     -71.117
209.583     -71.144
209.288     -71.17
208.992     -71.196
208.696     -71.221
208.4     -71.246
208.104     -71.271
207.804     -71.295
207.579     -71.416
207.354     -71.536
207.05     -71.559
206.746     -71.581
206.513     -71.701
206.275     -71.82
206.033     -71.939
205.792     -72.058
205.546     -72.176
205.617     -72.274
205.683     -72.372
205.433     -72.49
205.179     -72.608
204.925     -72.726
204.667     -72.843
204.404     -72.96
204.138     -73.077
203.867     -73.193
203.596     -73.309
203.317     -73.425
203.038     -73.54
203.1     -73.639
203.158     -73.737
202.875     -73.852
202.583     -73.967
202.292     -74.082
201.937     -74.097
201.588     -74.111
201.283     -74.225
200.979     -74.337
200.667     -74.45
200.354     -74.562
200.038     -74.673
199.713     -74.784
199.342     -74.795
198.971     -74.806
198.6     -74.816
198.229     -74.826
197.858     -74.835
197.488     -74.843
197.113     -74.851
196.742     -74.858
196.367     -74.865
195.996     -74.871
195.621     -74.876
195.246     -74.881
194.871     -74.886
194.496     -74.889
194.121     -74.893
193.746     -74.895
193.375     -74.897
193     -74.899
192.625     -74.899
192.25     -74.9
191.871     -74.899
191.496     -74.899
191.121     -74.897
190.75     -74.895
190.375     -74.893
190     -74.889
189.625     -74.886
189.267     -74.781
188.917     -74.677
188.546     -74.671
188.179     -74.665
187.833     -74.559
187.496     -74.452
187.133     -74.444
186.771     -74.436
186.442     -74.328
186.117     -74.219
185.796     -74.11
185.479     -74
185.167     -73.89
184.858     -73.779
184.508     -73.768
184.163     -73.756
183.813     -73.743
183.467     -73.729
183.121     -73.716
182.721     -73.8
182.317     -73.884
181.971     -73.869
181.621     -73.852
181.212     -73.934
180.8     -74.015
180.45     -73.997
180.1     -73.979
179.754     -73.96
179.404     -73.941
