250.842     -25.938
250.913     -25.862
250.979     -25.787
251.046     -25.711
251.2     -25.697
251.271     -25.621
251.425     -25.608
251.579     -25.594
251.733     -25.58
251.8     -25.504
251.867     -25.427
251.933     -25.35
252.004     -25.274
251.983     -25.135
252.05     -25.058
252.029     -24.919
252.096     -24.843
252.075     -24.704
252.058     -24.566
252.125     -24.489
252.104     -24.35
252.254     -24.335
252.321     -24.258
252.3     -24.12
252.367     -24.043
252.521     -24.027
252.671     -24.011
252.825     -23.995
252.908     -24.056
252.996     -24.117
253.083     -24.178
253.171     -24.239
253.192     -24.378
253.279     -24.439
253.367     -24.5
253.454     -24.561
253.604     -24.544
253.758     -24.526
253.825     -24.448
253.8     -24.31
253.779     -24.171
253.758     -24.032
253.733     -23.894
253.8     -23.816
253.779     -23.678
253.842     -23.599
253.992     -23.582
254.146     -23.564
254.121     -23.425
254.275     -23.407
254.425     -23.388
254.487     -23.31
254.554     -23.231
254.617     -23.152
254.679     -23.074
254.742     -22.995
254.804     -22.916
254.871     -22.837
255.021     -22.818
255.083     -22.739
255.146     -22.66
255.296     -22.64
255.383     -22.699
255.533     -22.679
255.683     -22.658
255.771     -22.717
255.921     -22.696
256.008     -22.755
256.096     -22.814
256.25     -22.792
256.337     -22.851
256.425     -22.909
256.575     -22.887
256.637     -22.807
256.788     -22.786
256.85     -22.706
257     -22.683
257.063     -22.603
257.213     -22.58
257.362     -22.557
257.512     -22.534
257.6     -22.592
257.75     -22.569
257.837     -22.626
257.988     -22.603
258.079     -22.66
258.167     -22.717
258.317     -22.693
258.467     -22.669
258.617     -22.644
258.679     -22.563
258.738     -22.481
258.8     -22.4
258.771     -22.262
258.829     -22.181
258.979     -22.156
259.071     -22.212
259.221     -22.187
259.367     -22.161
259.458     -22.217
259.608     -22.192
259.758     -22.166
259.846     -22.222
259.938     -22.278
260.083     -22.251
260.175     -22.307
260.262     -22.363
260.296     -22.501
260.383     -22.557
260.475     -22.612
260.504     -22.75
260.596     -22.806
260.625     -22.944
260.654     -23.082
260.596     -23.164
260.625     -23.303
260.567     -23.385
260.596     -23.523
260.538     -23.606
260.475     -23.688
260.504     -23.826
260.596     -23.882
260.688     -23.938
260.779     -23.994
260.929     -23.966
261.021     -24.022
261.112     -24.077
261.204     -24.132
261.233     -24.271
261.325     -24.326
261.417     -24.381
261.45     -24.519
261.542     -24.575
261.571     -24.713
261.512     -24.796
261.542     -24.934
261.575     -25.072
261.512     -25.156
261.546     -25.294
261.483     -25.377
261.421     -25.46
261.454     -25.598
261.392     -25.681
261.329     -25.764
261.271     -25.847
261.208     -25.93
261.054     -25.957
260.992     -26.04
260.929     -26.122
260.871     -26.205
260.808     -26.288
260.746     -26.371
260.592     -26.397
260.529     -26.48
260.371     -26.506
260.308     -26.588
260.154     -26.614
260     -26.64
259.908     -26.584
259.754     -26.609
259.596     -26.634
259.442     -26.659
259.35     -26.603
259.196     -26.627
259.038     -26.652
258.883     -26.676
258.729     -26.7
258.637     -26.643
258.479     -26.667
258.325     -26.69
258.233     -26.633
258.079     -26.656
257.988     -26.598
257.833     -26.621
257.675     -26.644
257.613     -26.724
257.454     -26.747
257.392     -26.827
257.325     -26.908
257.262     -26.988
257.196     -27.069
257.129     -27.149
257.158     -27.288
257.313     -27.266
257.404     -27.325
257.563     -27.303
257.717     -27.28
257.875     -27.257
257.967     -27.316
258.121     -27.292
258.213     -27.35
258.371     -27.327
258.462     -27.385
258.621     -27.361
258.713     -27.419
258.867     -27.394
259.025     -27.37
259.179     -27.346
259.246     -27.264
259.4     -27.239
259.558     -27.214
259.621     -27.132
259.775     -27.107
259.933     -27.082
260.087     -27.056
260.246     -27.03
260.4     -27.004
260.554     -26.978
260.65     -27.034
260.742     -27.09
260.896     -27.063
260.992     -27.119
261.083     -27.175
261.179     -27.231
261.271     -27.286
261.363     -27.342
261.458     -27.397
261.55     -27.452
261.708     -27.425
261.8     -27.48
261.958     -27.452
262.05     -27.507
262.146     -27.562
262.3     -27.534
262.396     -27.589
262.492     -27.644
262.525     -27.782
262.617     -27.836
262.65     -27.975
262.683     -28.113
262.717     -28.251
262.654     -28.335
262.592     -28.419
262.625     -28.557
262.658     -28.696
262.754     -28.75
262.85     -28.805
262.946     -28.859
263.042     -28.914
263.2     -28.884
263.296     -28.939
263.329     -29.077
263.425     -29.131
263.458     -29.269
263.496     -29.407
263.433     -29.491
263.371     -29.575
263.308     -29.659
263.342     -29.798
263.279     -29.882
263.217     -29.966
263.25     -30.104
263.188     -30.188
263.221     -30.326
263.158     -30.41
263.096     -30.494
263.033     -30.577
262.971     -30.661
262.808     -30.691
262.646     -30.719
262.583     -30.803
262.421     -30.832
262.262     -30.86
262.162     -30.805
262.004     -30.833
261.938     -30.917
261.775     -30.944
261.679     -30.889
261.517     -30.916
261.358     -30.944
261.258     -30.888
261.162     -30.832
261.067     -30.776
260.971     -30.72
260.875     -30.664
260.713     -30.69
260.55     -30.716
260.454     -30.66
260.292     -30.686
260.196     -30.629
260.038     -30.655
259.942     -30.598
259.846     -30.541
259.683     -30.566
259.617     -30.648
259.55     -30.73
259.483     -30.812
259.321     -30.836
259.254     -30.918
259.188     -31
259.025     -31.024
258.958     -31.106
258.988     -31.245
258.921     -31.326
258.95     -31.466
259.046     -31.523
259.071     -31.662
259.1     -31.802
259.196     -31.859
259.225     -31.998
259.158     -32.08
259.188     -32.219
259.217     -32.359
259.146     -32.44
259.079     -32.522
259.012     -32.604
258.942     -32.685
258.875     -32.767
258.804     -32.848
258.738     -32.929
258.667     -33.011
258.6     -33.092
258.529     -33.174
258.458     -33.255
258.487     -33.394
258.417     -33.476
258.35     -33.557
258.279     -33.638
258.304     -33.777
258.233     -33.858
258.167     -33.939
258.096     -34.021
258.025     -34.101
257.954     -34.182
257.883     -34.263
257.713     -34.285
257.642     -34.366
257.571     -34.447
257.5     -34.527
257.329     -34.549
257.158     -34.57
256.992     -34.591
256.917     -34.671
256.846     -34.752
256.675     -34.772
256.604     -34.852
256.433     -34.872
256.358     -34.952
256.288     -35.032
256.213     -35.112
256.042     -35.131
255.967     -35.211
255.796     -35.23
255.721     -35.309
255.55     -35.328
255.475     -35.407
255.304     -35.426
255.133     -35.444
255.033     -35.383
254.863     -35.4
254.767     -35.339
254.596     -35.356
254.5     -35.295
254.4     -35.233
254.304     -35.171
254.208     -35.11
254.113     -35.048
253.942     -35.064
253.846     -35.002
253.75     -34.94
253.579     -34.955
253.483     -34.893
253.387     -34.831
253.296     -34.768
253.2     -34.706
253.104     -34.643
252.933     -34.657
252.838     -34.594
252.746     -34.532
252.725     -34.391
252.633     -34.328
252.617     -34.188
252.521     -34.125
252.429     -34.062
252.408     -33.921
252.317     -33.858
252.225     -33.795
252.129     -33.731
252.038     -33.668
251.946     -33.604
251.85     -33.541
251.833     -33.401
251.742     -33.337
251.725     -33.197
251.633     -33.133
251.617     -32.993
251.6     -32.853
251.583     -32.713
251.567     -32.573
251.642     -32.496
251.717     -32.42
251.792     -32.343
251.867     -32.267
251.942     -32.19
252.017     -32.113
252.087     -32.037
252.254     -32.023
252.329     -31.946
252.313     -31.806
252.292     -31.666
252.275     -31.526
252.258     -31.386
252.167     -31.323
252.15     -31.183
252.129     -31.043
252.113     -30.904
252.096     -30.764
252.004     -30.701
251.917     -30.637
251.825     -30.574
251.663     -30.587
251.5     -30.601
251.425     -30.677
251.262     -30.689
251.192     -30.765
251.208     -30.905
251.133     -30.981
251.15     -31.121
251.238     -31.185
251.254     -31.325
251.271     -31.465
251.288     -31.605
251.213     -31.681
251.142     -31.757
251.067     -31.833
250.992     -31.909
250.917     -31.985
250.75     -31.996
250.675     -32.072
250.508     -32.083
250.433     -32.158
250.271     -32.169
250.104     -32.179
249.937     -32.19
249.771     -32.199
249.683     -32.134
249.592     -32.069
249.579     -31.929
249.567     -31.789
249.554     -31.649
249.629     -31.574
249.704     -31.499
249.779     -31.425
249.854     -31.35
249.929     -31.275
250.092     -31.264
250.167     -31.189
250.242     -31.114
250.404     -31.103
250.479     -31.028
250.554     -30.952
250.629     -30.877
250.7     -30.801
250.687     -30.661
250.596     -30.597
250.583     -30.457
250.492     -30.393
250.404     -30.329
250.387     -30.189
250.3     -30.124
250.213     -30.06
250.125     -29.996
250.033     -29.931
250.021     -29.791
249.933     -29.727
249.917     -29.587
249.904     -29.448
249.887     -29.308
249.963     -29.233
250.033     -29.158
250.104     -29.083
250.179     -29.008
250.25     -28.932
250.321     -28.857
250.392     -28.782
250.467     -28.706
250.45     -28.567
250.433     -28.428
250.504     -28.352
250.575     -28.276
250.558     -28.137
250.629     -28.062
250.612     -27.922
250.683     -27.847
250.667     -27.707
250.65     -27.568
250.633     -27.429
250.617     -27.29
250.687     -27.214
250.671     -27.075
250.654     -26.936
250.721     -26.86
250.704     -26.721
250.775     -26.646
250.758     -26.506
250.742     -26.367
250.808     -26.292
250.792     -26.153
250.858     -26.077
250.842     -25.938
