269.029     -7.328
269.079     -7.241
269.129     -7.155
269.175     -7.069
269.313     -7.031
269.45     -6.992
269.587     -6.954
269.725     -6.916
269.771     -6.83
269.821     -6.743
269.954     -6.705
270.092     -6.666
270.229     -6.628
270.367     -6.589
270.5     -6.55
270.637     -6.512
270.688     -6.425
270.733     -6.337
270.871     -6.299
271.004     -6.26
271.054     -6.172
271.1     -6.085
271.238     -6.046
271.375     -6.007
271.421     -5.92
271.471     -5.832
271.517     -5.745
271.567     -5.658
271.613     -5.571
271.571     -5.436
271.529     -5.301
271.579     -5.214
271.625     -5.126
271.675     -5.039
271.721     -4.952
271.767     -4.864
271.817     -4.777
271.863     -4.69
271.913     -4.602
271.958     -4.515
272.004     -4.428
272.054     -4.341
272.1     -4.253
272.146     -4.166
272.196     -4.078
272.242     -3.991
272.375     -3.951
272.512     -3.911
272.646     -3.87
272.783     -3.83
272.917     -3.789
273.054     -3.749
273.188     -3.709
273.371     -3.58
273.325     -3.668
273.458     -3.627
273.546     -3.674
273.637     -3.721
273.771     -3.681
273.908     -3.64
273.996     -3.687
274.083     -3.734
274.221     -3.693
274.354     -3.652
274.488     -3.611
274.538     -3.523
274.583     -3.435
274.717     -3.394
274.854     -3.352
274.9     -3.264
274.946     -3.176
275.083     -3.135
275.217     -3.094
275.354     -3.052
275.488     -3.011
275.533     -2.922
275.579     -2.834
275.717     -2.793
275.85     -2.751
275.896     -2.663
275.942     -2.574
276.079     -2.533
276.212     -2.491
276.258     -2.403
276.308     -2.314
276.442     -2.272
276.575     -2.231
276.713     -2.189
276.846     -2.147
276.892     -2.058
276.938     -1.97
277.075     -1.928
277.208     -1.886
277.346     -1.844
277.479     -1.802
277.525     -1.713
277.571     -1.625
277.704     -1.582
277.842     -1.54
277.887     -1.452
277.933     -1.363
278.067     -1.321
278.204     -1.279
278.25     -1.19
278.296     -1.101
278.342     -1.013
278.387     -0.924
278.433     -0.836
278.479     -0.747
278.617     -0.705
278.75     -0.662
278.796     -0.574
278.842     -0.485
278.975     -0.442
279.113     -0.4
279.246     -0.357
279.379     -0.315
279.425     -0.226
279.475     -0.137
279.521     -0.049
279.567     0.04
279.613     0.128
279.658     0.217
279.704     0.306
279.75     0.394
279.883     0.437
280.017     0.48
280.067     0.569
280.113     0.657
280.246     0.7
280.379     0.743
280.425     0.831
280.471     0.92
280.608     0.963
280.742     1.006
280.788     1.094
280.833     1.183
280.879     1.272
280.925     1.361
280.971     1.449
281.017     1.538
281.154     1.581
281.288     1.624
281.333     1.713
281.379     1.801
281.512     1.844
281.65     1.887
281.783     1.93
281.871     1.884
281.963     1.838
282.096     1.881
282.229     1.923
282.321     1.877
282.408     1.831
282.496     1.785
282.587     1.739
282.721     1.782
282.854     1.825
282.946     1.779
283.033     1.733
283.121     1.687
283.213     1.641
283.3     1.594
283.387     1.549
283.525     1.591
283.658     1.634
283.792     1.677
283.929     1.719
284.063     1.762
284.108     1.851
284.154     1.939
284.2     2.028
284.246     2.117
284.296     2.206
284.25     2.34
284.208     2.475
284.254     2.564
284.3     2.653
284.258     2.788
284.217     2.923
284.175     3.057
284.129     3.192
284.175     3.281
284.221     3.369
284.179     3.504
284.137     3.639
284.183     3.728
284.229     3.817
284.275     3.906
284.321     3.994
284.367     4.083
284.417     4.172
284.463     4.26
284.508     4.349
284.554     4.438
284.6     4.526
284.646     4.615
284.692     4.704
284.737     4.792
284.783     4.881
284.833     4.97
284.879     5.059
284.925     5.147
284.971     5.236
285.017     5.325
285.063     5.413
285.108     5.502
285.246     5.544
285.379     5.587
285.429     5.676
285.475     5.764
285.521     5.853
285.567     5.941
285.613     6.03
285.658     6.119
285.708     6.207
285.754     6.296
285.8     6.384
285.846     6.473
285.892     6.562
285.942     6.65
285.988     6.739
286.033     6.828
286.079     6.916
286.125     7.005
286.175     7.093
286.221     7.182
286.267     7.27
286.313     7.359
286.363     7.448
286.408     7.536
286.546     7.578
286.679     7.62
286.729     7.709
286.775     7.797
286.821     7.886
286.867     7.974
286.917     8.063
286.963     8.151
287.008     8.24
287.058     8.328
287.192     8.37
287.329     8.412
287.375     8.5
287.425     8.589
287.471     8.677
287.517     8.765
287.567     8.854
287.613     8.942
287.663     9.031
287.708     9.119
287.754     9.207
287.804     9.296
287.85     9.384
287.896     9.473
287.946     9.561
287.992     9.649
288.042     9.737
288.087     9.826
288.133     9.914
288.183     10.003
288.229     10.091
288.279     10.179
288.325     10.267
288.375     10.356
288.421     10.444
288.471     10.532
288.517     10.62
288.567     10.709
288.613     10.797
288.663     10.885
288.708     10.973
288.758     11.061
288.804     11.15
288.854     11.238
288.9     11.326
288.95     11.414
288.996     11.503
289.046     11.591
289.183     11.631
289.321     11.672
289.371     11.761
289.417     11.849
289.467     11.937
289.517     12.025
289.654     12.065
289.792     12.106
289.842     12.194
289.887     12.282
289.938     12.37
289.988     12.458
290.033     12.546
290.083     12.634
290.133     12.722
290.179     12.81
290.321     12.85
290.458     12.89
290.508     12.978
290.467     13.114
290.425     13.249
290.475     13.337
290.525     13.425
290.571     13.513
290.621     13.601
290.579     13.736
290.538     13.872
290.587     13.96
290.637     14.048
290.688     14.136
290.738     14.223
290.788     14.311
290.833     14.399
290.883     14.487
290.933     14.574
290.983     14.662
291.033     14.75
291.083     14.838
291.133     14.925
291.183     15.013
291.233     15.101
291.283     15.188
291.333     15.276
291.383     15.364
291.433     15.451
291.392     15.587
291.35     15.723
291.4     15.811
291.45     15.898
291.5     15.986
291.55     16.074
291.508     16.209
291.467     16.345
291.517     16.433
291.567     16.52
291.525     16.656
291.488     16.792
291.446     16.928
291.404     17.064
291.363     17.199
291.321     17.335
291.279     17.471
291.237     17.607
291.196     17.743
291.154     17.878
291.204     17.966
291.254     18.054
291.304     18.141
291.354     18.229
291.408     18.317
291.458     18.404
291.508     18.492
291.558     18.579
291.608     18.667
291.663     18.755
291.713     18.842
291.762     18.93
291.813     19.018
291.867     19.105
291.917     19.193
292.058     19.232
292.204     19.271
292.254     19.358
292.308     19.445
292.45     19.484
292.596     19.523
292.646     19.61
292.7     19.698
292.75     19.785
292.804     19.872
292.854     19.959
292.908     20.047
292.958     20.134
293.012     20.221
293.063     20.308
293.117     20.396
293.167     20.483
293.221     20.57
293.271     20.657
293.325     20.744
293.471     20.782
293.617     20.82
293.667     20.907
293.721     20.994
293.867     21.032
294.012     21.069
294.067     21.156
294.121     21.243
294.171     21.33
294.225     21.417
294.188     21.553
294.038     21.516
293.892     21.478
293.842     21.391
293.788     21.304
293.642     21.267
293.496     21.229
293.35     21.191
293.204     21.153
293.054     21.114
292.908     21.076
292.762     21.038
292.617     20.999
292.567     20.912
292.512     20.824
292.371     20.786
292.225     20.747
292.171     20.659
292.121     20.572
291.975     20.533
291.829     20.494
291.683     20.454
291.542     20.415
291.396     20.375
291.25     20.336
291.104     20.296
290.963     20.256
290.817     20.216
290.721     20.264
290.629     20.312
290.483     20.271
290.342     20.231
290.246     20.279
290.154     20.326
290.058     20.374
289.967     20.421
289.871     20.468
289.775     20.516
289.633     20.475
289.488     20.434
289.342     20.393
289.292     20.305
289.242     20.217
289.192     20.128
289.237     19.993
289.283     19.858
289.325     19.723
289.371     19.588
289.321     19.5
289.271     19.412
289.313     19.276
289.358     19.141
289.308     19.053
289.258     18.965
289.3     18.83
289.346     18.694
289.296     18.606
289.246     18.518
289.288     18.383
289.329     18.248
289.283     18.16
289.233     18.071
289.275     17.936
289.317     17.801
289.267     17.713
289.221     17.625
289.262     17.489
289.354     17.442
289.446     17.395
289.492     17.26
289.533     17.124
289.575     16.989
289.617     16.854
289.658     16.718
289.704     16.583
289.746     16.447
289.788     16.312
289.829     16.176
289.871     16.041
289.913     15.905
289.867     15.817
289.817     15.729
289.858     15.594
289.9     15.458
289.942     15.323
289.983     15.187
290.025     15.052
290.067     14.916
290.017     14.828
289.967     14.74
289.921     14.653
289.871     14.564
289.821     14.476
289.771     14.388
289.725     14.3
289.675     14.212
289.625     14.124
289.575     14.036
289.529     13.948
289.387     13.908
289.25     13.867
289.2     13.779
289.15     13.69
289.012     13.649
288.875     13.608
288.825     13.52
288.775     13.432
288.729     13.344
288.679     13.256
288.542     13.214
288.4     13.173
288.354     13.085
288.304     12.997
288.258     12.908
288.3     12.773
288.342     12.638
288.292     12.549
288.246     12.461
288.288     12.326
288.329     12.191
288.371     12.056
288.412     11.92
288.367     11.832
288.317     11.744
288.362     11.608
288.404     11.473
288.354     11.385
288.308     11.297
288.258     11.208
288.213     11.12
288.163     11.032
288.117     10.943
288.067     10.855
288.021     10.767
288.063     10.632
288.104     10.496
288.058     10.408
288.008     10.32
287.963     10.231
287.913     10.143
287.867     10.055
287.817     9.966
287.771     9.878
287.725     9.789
287.675     9.701
287.629     9.613
287.583     9.524
287.446     9.483
287.308     9.441
287.258     9.353
287.213     9.264
287.075     9.222
286.938     9.181
286.892     9.092
286.846     9.003
286.708     8.961
286.571     8.919
286.525     8.831
286.479     8.743
286.429     8.654
286.383     8.565
286.246     8.523
286.108     8.481
286.063     8.393
286.017     8.304
285.879     8.262
285.742     8.219
285.696     8.131
285.65     8.042
285.512     8
285.379     7.958
285.329     7.869
285.283     7.78
285.238     7.691
285.192     7.603
285.054     7.56
284.917     7.518
284.871     7.429
284.825     7.341
284.692     7.298
284.554     7.255
284.508     7.167
284.463     7.078
284.325     7.035
284.188     6.993
284.054     6.95
283.917     6.907
283.783     6.864
283.646     6.822
283.508     6.779
283.421     6.825
283.333     6.871
283.196     6.828
283.058     6.785
282.971     6.831
282.879     6.877
282.746     6.834
282.608     6.791
282.475     6.748
282.429     6.659
282.383     6.571
282.246     6.528
282.113     6.484
282.067     6.396
282.021     6.307
281.975     6.218
282.017     6.084
282.058     5.949
282.012     5.86
281.967     5.771
282.012     5.637
282.054     5.502
282.008     5.413
281.963     5.325
281.917     5.236
281.871     5.147
281.825     5.058
281.779     4.969
281.733     4.881
281.688     4.792
281.729     4.657
281.775     4.523
281.729     4.434
281.683     4.345
281.725     4.211
281.767     4.076
281.721     3.987
281.675     3.898
281.629     3.809
281.583     3.721
281.538     3.632
281.492     3.543
281.446     3.454
281.4     3.366
281.354     3.277
281.308     3.188
281.262     3.099
281.217     3.011
281.171     2.922
281.125     2.833
281.079     2.744
281.033     2.656
280.987     2.567
280.85     2.524
280.717     2.481
280.671     2.392
280.625     2.304
280.492     2.261
280.354     2.218
280.221     2.175
280.087     2.132
279.95     2.089
279.817     2.047
279.683     2.004
279.592     2.05
279.504     2.096
279.371     2.053
279.233     2.01
279.1     1.968
278.967     1.925
278.875     1.971
278.788     2.017
278.654     1.974
278.517     1.931
278.383     1.889
278.25     1.846
278.158     1.892
278.071     1.938
277.938     1.895
277.8     1.853
277.667     1.81
277.533     1.767
277.396     1.725
277.35     1.637
277.304     1.548
277.171     1.506
277.038     1.463
276.9     1.421
276.767     1.378
276.633     1.336
276.496     1.294
276.363     1.251
276.229     1.209
276.096     1.167
275.958     1.125
275.913     1.037
275.867     0.948
275.733     0.906
275.6     0.864
275.554     0.776
275.508     0.688
275.463     0.6
275.417     0.512
275.371     0.423
275.325     0.335
275.275     0.247
275.229     0.159
275.183     0.071
275.229     -0.063
275.271     -0.198
275.225     -0.286
275.179     -0.374
275.133     -0.462
275.087     -0.55
275.042     -0.638
274.992     -0.726
274.946     -0.814
274.9     -0.902
274.854     -0.991
274.808     -1.078
274.762     -1.166
274.629     -1.208
274.492     -1.249
274.358     -1.291
274.225     -1.332
274.087     -1.373
273.954     -1.415
273.821     -1.456
273.683     -1.497
273.55     -1.538
273.412     -1.579
273.279     -1.62
273.192     -1.573
273.104     -1.527
272.967     -1.567
272.833     -1.608
272.7     -1.649
272.563     -1.69
272.429     -1.73
272.296     -1.771
272.204     -1.724
272.117     -1.677
271.983     -1.717
271.846     -1.758
271.758     -1.711
271.671     -1.664
271.583     -1.617
271.496     -1.57
271.404     -1.523
271.317     -1.476
271.183     -1.516
271.05     -1.556
270.958     -1.509
270.871     -1.462
270.738     -1.502
270.604     -1.541
270.512     -1.494
270.425     -1.447
270.337     -1.4
270.25     -1.353
270.163     -1.306
270.075     -1.258
269.983     -1.211
269.896     -1.164
269.808     -1.117
269.721     -1.07
269.633     -1.022
269.546     -0.976
269.408     -1.015
269.275     -1.054
269.188     -1.007
269.1     -0.96
269.008     -0.912
269.008     6.011
269.142     6.053
269.188     6.139
269.233     6.226
269.367     6.267
269.5     6.309
269.633     6.35
269.767     6.392
269.808     6.479
269.854     6.565
269.988     6.607
270.121     6.649
270.254     6.691
270.387     6.733
270.433     6.82
270.475     6.907
270.613     6.949
270.746     6.991
270.788     7.078
270.833     7.166
270.875     7.253
270.921     7.339
270.963     7.427
271.008     7.514
271.142     7.556
271.275     7.599
271.321     7.686
271.363     7.773
271.408     7.86
271.45     7.948
271.583     7.99
271.721     8.033
271.762     8.12
271.808     8.208
271.942     8.251
272.075     8.294
272.117     8.381
272.163     8.468
272.204     8.556
272.25     8.643
272.292     8.731
272.337     8.818
272.471     8.861
272.604     8.905
272.65     8.992
272.692     9.08
272.738     9.167
272.779     9.255
272.917     9.298
273.05     9.342
273.092     9.429
273.137     9.517
273.179     9.605
273.225     9.693
273.358     9.736
273.496     9.78
273.538     9.868
273.583     9.955
273.625     10.043
273.667     10.131
273.713     10.219
273.754     10.306
273.8     10.394
273.842     10.482
273.887     10.57
273.929     10.658
273.975     10.746
274.017     10.834
274.063     10.921
274.104     11.009
274.15     11.097
274.192     11.185
274.237     11.273
274.279     11.361
274.321     11.449
274.367     11.537
274.408     11.625
274.454     11.712
274.496     11.801
274.542     11.889
274.675     11.933
274.813     11.978
274.854     12.066
274.9     12.154
274.942     12.242
274.988     12.33
275.121     12.374
275.258     12.419
275.392     12.463
275.529     12.508
275.667     12.553
275.8     12.597
275.938     12.642
276.075     12.686
276.208     12.731
276.3     12.688
276.392     12.644
276.529     12.688
276.667     12.733
276.804     12.778
276.846     12.866
276.892     12.954
277.025     12.999
277.162     13.044
277.208     13.132
277.25     13.221
277.387     13.265
277.525     13.31
277.571     13.398
277.613     13.487
277.75     13.532
277.887     13.576
278.025     13.621
278.163     13.666
278.3     13.711
278.433     13.755
278.571     13.8
278.667     13.756
278.758     13.712
278.942     13.624
279.033     13.58
279.125     13.536
279.262     13.58
279.4     13.624
279.538     13.669
279.583     13.758
279.629     13.846
279.675     13.935
279.625     14.068
279.579     14.201
279.625     14.289
279.667     14.378
279.621     14.511
279.571     14.644
279.617     14.732
279.663     14.821
279.708     14.91
279.754     14.998
279.704     15.131
279.658     15.264
279.7     15.353
279.746     15.441
279.696     15.574
279.65     15.706
279.6     15.839
279.554     15.971
279.504     16.103
279.454     16.236
279.404     16.368
279.358     16.5
279.4     16.589
279.446     16.678
279.396     16.81
279.346     16.942
279.392     17.031
279.438     17.119
279.387     17.251
279.337     17.383
279.288     17.515
279.238     17.647
279.188     17.779
279.137     17.911
279.087     18.042
279.033     18.174
278.983     18.305
278.933     18.437
278.883     18.568
278.833     18.7
278.875     18.788
278.921     18.877
278.962     18.966
279.008     19.054
279.054     19.143
279.096     19.231
279.142     19.32
279.188     19.409
279.229     19.498
279.275     19.586
279.321     19.675
279.363     19.764
279.408     19.852
279.454     19.941
279.496     20.029
279.542     20.118
279.587     20.207
279.629     20.296
279.675     20.384
279.721     20.473
279.762     20.562
279.808     20.65
279.854     20.739
279.896     20.828
279.942     20.916
279.987     21.005
280.033     21.094
280.075     21.183
280.121     21.271
280.167     21.36
280.213     21.449
280.254     21.538
280.3     21.626
280.346     21.715
280.392     21.804
280.433     21.893
280.479     21.981
280.525     22.07
280.571     22.159
280.613     22.248
280.658     22.336
280.704     22.425
280.75     22.514
280.796     22.603
280.842     22.691
280.883     22.78
280.833     22.911
280.779     23.042
280.825     23.131
280.867     23.22
280.912     23.308
280.958     23.397
281.004     23.486
281.05     23.575
281.096     23.663
281.142     23.752
281.183     23.841
281.229     23.93
281.275     24.019
281.321     24.107
281.367     24.196
281.413     24.285
281.458     24.374
281.604     24.42
281.746     24.466
281.792     24.555
281.837     24.644
281.883     24.733
281.929     24.822
281.975     24.91
282.021     24.999
282.167     25.046
282.313     25.092
282.358     25.181
282.404     25.269
282.554     25.316
282.7     25.362
282.746     25.451
282.792     25.539
282.883     25.717
282.929     25.806
282.979     25.894
283.125     25.941
283.271     25.986
283.317     26.075
283.367     26.164
283.413     26.253
283.458     26.341
283.504     26.43
283.554     26.519
283.6     26.608
283.646     26.697
283.796     26.743
283.946     26.788
283.992     26.877
284.038     26.966
284.087     27.054
284.133     27.143
284.183     27.232
284.229     27.321
284.275     27.409
284.325     27.498
284.371     27.587
284.421     27.676
284.467     27.764
284.517     27.853
284.563     27.942
284.612     28.03
284.658     28.119
284.708     28.208
284.858     28.253
285.008     28.299
285.058     28.388
285.104     28.476
285.154     28.565
285.1     28.697
285.046     28.829
285.092     28.917
285.142     29.006
285.192     29.094
285.238     29.183
285.183     29.315
285.129     29.447
285.179     29.536
285.225     29.624
285.171     29.756
285.117     29.888
285.058     30.019
285.004     30.15
285.054     30.239
285.1     30.328
285.046     30.459
284.988     30.591
284.933     30.722
284.875     30.853
284.817     30.984
284.758     31.115
284.704     31.246
284.646     31.377
284.587     31.508
284.529     31.638
284.471     31.769
284.413     31.9
284.458     31.988
284.508     32.077
284.45     32.208
284.387     32.338
284.438     32.427
284.483     32.516
284.533     32.604
284.583     32.693
284.629     32.782
284.679     32.87
284.729     32.959
284.775     33.048
284.825     33.136
284.875     33.225
284.921     33.314
284.971     33.402
285.021     33.491
285.067     33.58
285.117     33.669
285.167     33.757
285.217     33.846
285.262     33.934
285.313     34.023
285.471     34.07
285.633     34.117
285.679     34.205
285.729     34.294
285.779     34.383
285.829     34.471
285.879     34.56
285.929     34.648
285.979     34.737
286.029     34.826
286.079     34.914
286.129     35.003
286.179     35.091
286.229     35.18
286.283     35.268
286.333     35.357
286.496     35.403
286.654     35.449
286.708     35.538
286.758     35.626
286.921     35.673
287.083     35.718
287.246     35.764
287.408     35.81
287.512     35.986
287.462     35.898
287.625     35.943
287.788     35.989
287.842     36.077
287.779     36.209
287.721     36.34
287.775     36.428
287.713     36.56
287.654     36.691
287.704     36.779
287.758     36.868
287.696     36.999
287.637     37.13
287.575     37.261
287.512     37.392
287.45     37.523
287.387     37.654
287.325     37.784
287.262     37.915
287.2     38.046
287.137     38.176
287.192     38.264
287.242     38.353
287.296     38.441
287.346     38.53
287.4     38.618
287.45     38.707
287.504     38.795
287.554     38.883
287.608     38.972
287.663     39.06
287.713     39.149
287.767     39.237
287.821     39.325
287.992     39.371
288.163     39.418
288.217     39.506
288.267     39.594
288.442     39.64
288.613     39.685
288.667     39.774
288.721     39.862
288.775     39.95
288.829     40.038
289     40.084
289.175     40.129
289.229     40.217
289.283     40.305
289.458     40.35
289.633     40.394
289.688     40.483
289.746     40.571
289.921     40.615
290.092     40.659
290.15     40.747
290.208     40.835
290.262     40.923
290.321     41.011
290.379     41.099
290.433     41.187
290.492     41.275
290.55     41.363
290.604     41.45
290.663     41.538
290.721     41.626
290.779     41.714
290.837     41.802
290.896     41.889
290.954     41.977
291.012     42.065
291.071     42.152
291.129     42.24
291.308     42.284
291.488     42.327
291.546     42.414
291.604     42.502
291.667     42.59
291.725     42.677
291.783     42.765
291.842     42.853
291.904     42.94
291.842     43.072
291.779     43.204
291.837     43.292
291.896     43.379
291.958     43.467
292.017     43.554
291.954     43.687
291.892     43.819
291.95     43.906
292.012     43.994
292.071     44.081
292.133     44.169
292.196     44.256
292.254     44.344
292.192     44.476
292.125     44.608
292.187     44.695
292.25     44.783
292.313     44.87
292.371     44.958
292.433     45.045
292.496     45.132
292.558     45.219
292.621     45.307
292.683     45.394
292.746     45.481
292.808     45.569
292.871     45.656
292.933     45.743
292.996     45.831
293.058     45.918
293.121     46.005
293.183     46.092
293.25     46.179
293.313     46.266
293.375     46.354
293.442     46.441
293.504     46.528
293.571     46.615
293.633     46.702
293.7     46.789
293.762     46.876
293.829     46.963
294.025     47.004
294.221     47.045
294.288     47.132
294.35     47.219
294.417     47.306
294.483     47.393
294.683     47.433
294.879     47.474
294.946     47.56
295.017     47.647
295.083     47.733
295.15     47.82
295.217     47.906
295.288     47.993
295.488     48.033
295.688     48.072
295.758     48.158
295.825     48.244
295.896     48.331
295.967     48.417
296.038     48.503
296.104     48.589
296.175     48.676
296.246     48.762
296.317     48.848
296.387     48.934
296.458     49.02
296.529     49.106
296.671     49.278
296.746     49.364
296.817     49.45
297.025     49.488
297.233     49.526
297.304     49.611
297.379     49.697
297.45     49.783
297.525     49.869
297.6     49.954
297.675     50.04
297.883     50.076
298.096     50.113
298.171     50.198
298.246     50.284
298.321     50.369
298.396     50.454
298.471     50.54
298.55     50.625
298.625     50.71
298.7     50.795
298.779     50.88
298.854     50.965
298.933     51.051
299.012     51.136
299.087     51.221
299.167     51.306
299.383     51.34
299.6     51.375
299.679     51.459
299.758     51.544
299.842     51.629
299.921     51.714
300.137     51.747
300.358     51.781
300.442     51.865
300.521     51.949
300.604     52.034
300.688     52.118
300.767     52.202
300.85     52.286
301.075     52.319
301.296     52.351
301.379     52.435
301.462     52.519
301.55     52.603
301.633     52.686
301.717     52.77
301.663     52.906
301.604     53.042
301.692     53.126
301.775     53.209
301.863     53.293
301.95     53.377
302.033     53.46
302.121     53.544
302.067     53.68
302.008     53.816
302.096     53.899
302.183     53.983
302.271     54.066
302.358     54.15
302.446     54.233
302.538     54.316
302.479     54.452
302.421     54.588
302.512     54.672
302.6     54.755
302.692     54.838
302.779     54.921
302.871     55.004
302.963     55.088
302.904     55.224
302.846     55.36
302.938     55.443
303.029     55.526
302.971     55.662
302.913     55.798
302.854     55.934
302.796     56.07
302.733     56.206
302.675     56.341
302.767     56.424
302.858     56.508
302.954     56.591
303.046     56.674
303.142     56.757
303.233     56.839
303.329     56.922
303.425     57.005
303.521     57.088
303.617     57.171
303.713     57.253
303.967     57.282
304.221     57.311
304.317     57.393
304.417     57.475
304.512     57.558
304.613     57.64
304.713     57.722
304.813     57.804
304.913     57.886
305.012     57.968
305.275     57.994
305.533     58.021
305.633     58.103
305.738     58.184
306     58.21
306.258     58.235
306.521     58.26
306.783     58.284
307.046     58.308
307.204     58.251
307.358     58.194
307.621     58.216
307.883     58.239
308.038     58.181
308.192     58.123
308.346     58.064
308.5     58.006
308.762     58.026
309.025     58.046
309.288     58.066
309.55     58.086
309.813     58.104
309.925     58.183
310.038     58.262
310.3     58.28
310.567     58.297
310.833     58.314
311.096     58.331
311.363     58.347
311.512     58.285
311.663     58.223
311.808     58.161
311.958     58.098
312.221     58.113
312.488     58.127
312.633     58.063
312.779     58
312.925     57.937
313.071     57.873
313.217     57.809
313.363     57.745
313.504     57.681
313.646     57.617
313.792     57.552
313.933     57.488
314.075     57.423
314.096     57.283
314.117     57.143
314.258     57.078
314.396     57.013
314.417     56.872
314.438     56.732
314.458     56.591
314.475     56.451
314.496     56.31
314.517     56.17
314.533     56.029
314.554     55.889
314.571     55.748
314.592     55.608
314.725     55.542
314.858     55.476
314.875     55.335
314.892     55.195
314.908     55.054
314.925     54.913
314.942     54.773
314.954     54.632
314.971     54.491
314.988     54.35
315.004     54.209
315.021     54.068
315.033     53.927
315.05     53.787
315.063     53.646
315.079     53.505
315.096     53.364
315.108     53.223
315.125     53.082
315.012     53.008
314.904     52.933
314.683     52.783
314.575     52.708
314.467     52.633
314.483     52.492
314.5     52.351
314.392     52.276
314.288     52.201
314.304     52.06
314.321     51.919
314.333     51.778
314.458     51.713
314.579     51.647
314.592     51.506
314.608     51.365
314.729     51.299
314.85     51.233
314.967     51.166
315.087     51.1
315.204     51.033
315.325     50.967
315.442     50.9
315.558     50.833
315.679     50.766
315.796     50.699
315.913     50.632
316.029     50.564
316.142     50.497
316.258     50.429
316.375     50.362
316.596     50.367
316.817     50.372
316.933     50.304
317.046     50.236
317.158     50.167
317.275     50.099
317.387     50.03
317.5     49.961
317.613     49.892
317.725     49.823
317.946     49.826
318.05     49.898
318.046     50.04
318.042     50.181
318.038     50.323
318.033     50.464
318.146     50.536
318.254     50.608
318.25     50.749
318.246     50.89
318.242     51.032
318.238     51.173
318.35     51.245
318.462     51.317
318.571     51.388
318.683     51.46
318.683     51.601
318.679     51.743
318.675     51.884
318.792     51.955
318.904     52.026
319.017     52.098
319.017     52.239
319.017     52.38
319.129     52.451
319.129     52.593
319.012     52.663
319.008     52.804
319.125     52.876
319.125     53.017
319.242     53.088
319.242     53.229
319.242     53.371
319.237     53.512
319.237     53.653
319.117     53.723
319.117     53.865
319.113     54.006
319.113     54.147
318.992     54.218
318.867     54.288
318.867     54.429
318.742     54.499
318.621     54.569
318.617     54.71
318.613     54.851
318.608     54.992
318.604     55.133
318.479     55.203
318.475     55.344
318.471     55.485
318.342     55.555
318.217     55.624
318.087     55.693
317.958     55.763
317.954     55.904
317.825     55.973
317.692     56.041
317.688     56.182
317.679     56.323
317.671     56.464
317.538     56.533
317.404     56.601
317.271     56.67
317.262     56.811
317.129     56.879
317.121     57.02
316.983     57.088
316.975     57.229
316.963     57.369
316.825     57.437
316.813     57.578
316.938     57.651
316.929     57.792
316.917     57.933
317.042     58.006
317.029     58.146
317.158     58.219
317.146     58.36
317.275     58.433
317.404     58.505
317.396     58.646
317.383     58.787
317.512     58.859
317.646     58.932
317.633     59.073
317.767     59.145
317.758     59.285
317.892     59.358
318.025     59.43
318.158     59.502
318.15     59.643
318.283     59.714
318.275     59.855
318.412     59.927
318.55     59.998
318.688     60.07
318.679     60.211
318.817     60.282
318.813     60.423
318.95     60.494
319.092     60.565
319.087     60.706
319.225     60.777
319.371     60.848
319.512     60.918
319.508     61.059
319.65     61.129
319.796     61.2
319.792     61.341
319.788     61.481
319.933     61.552
320.079     61.622
320.079     61.763
320.075     61.903
320.071     62.044
320.071     62.184
320.221     62.254
320.371     62.324
320.367     62.465
320.367     62.606
320.517     62.675
320.671     62.745
320.671     62.885
320.671     63.026
320.825     63.095
320.979     63.165
321.137     63.234
321.292     63.303
321.45     63.372
321.608     63.441
321.767     63.509
321.929     63.578
322.087     63.646
322.404     63.641
322.721     63.636
322.883     63.704
323.046     63.771
323.363     63.764
323.683     63.758
324     63.75
324.317     63.741
324.483     63.807
324.65     63.873
324.971     63.863
325.288     63.853
325.458     63.918
325.629     63.983
325.95     63.971
326.267     63.959
326.442     64.022
326.613     64.086
326.788     64.149
326.817     64.289
326.846     64.43
326.871     64.57
326.9     64.71
326.929     64.85
326.958     64.99
326.988     65.13
327.017     65.27
327.046     65.41
327.075     65.55
327.104     65.69
327.133     65.83
327.163     65.97
327.196     66.11
327.225     66.25
327.254     66.39
327.446     66.452
327.637     66.515
327.829     66.577
328.021     66.639
328.217     66.701
328.408     66.763
328.604     66.824
328.804     66.885
329     66.946
329.354     66.928
329.708     66.909
330.063     66.889
330.417     66.869
330.771     66.848
331.125     66.826
331.475     66.803
331.829     66.78
332.179     66.756
332.325     66.674
332.471     66.592
332.821     66.567
333.167     66.541
333.512     66.514
333.858     66.486
334.204     66.458
334.55     66.429
334.892     66.399
335.233     66.369
335.579     66.338
335.921     66.306
336.258     66.274
336.6     66.241
336.938     66.206
337.275     66.172
337.613     66.137
337.825     66.187
338.038     66.237
338.375     66.2
338.713     66.163
339.046     66.124
339.379     66.086
339.713     66.046
340.046     66.006
340.379     65.965
340.496     65.876
340.608     65.788
340.721     65.7
340.833     65.611
340.946     65.523
341.058     65.434
341.171     65.345
341.279     65.256
341.387     65.168
341.5     65.079
341.604     64.99
341.712     64.901
341.504     64.855
341.404     64.721
341.508     64.632
341.617     64.543
341.517     64.408
341.417     64.274
341.317     64.139
341.221     64.005
341.121     63.87
340.921     63.824
340.721     63.778
340.629     63.643
340.533     63.508
340.337     63.461
340.142     63.414
339.946     63.367
339.75     63.319
339.554     63.271
339.363     63.223
339.275     63.088
339.192     62.952
339     62.903
338.808     62.854
338.725     62.718
338.642     62.582
338.454     62.533
338.267     62.483
338.188     62.347
338.108     62.211
337.925     62.161
337.738     62.111
337.663     61.974
337.587     61.837
337.404     61.786
337.225     61.736
337.042     61.684
336.863     61.633
336.683     61.582
336.504     61.53
336.433     61.393
336.367     61.255
336.187     61.203
336.012     61.151
335.837     61.098
335.663     61.045
335.596     60.908
335.533     60.77
335.358     60.717
335.188     60.663
335.125     60.525
335.063     60.388
334.892     60.334
334.721     60.28
334.663     60.141
334.604     60.003
334.542     59.865
334.65     59.781
334.758     59.697
334.7     59.559
334.642     59.421
334.746     59.337
335.017     59.306
335.288     59.275
335.558     59.244
335.825     59.212
336.096     59.179
336.363     59.146
336.633     59.113
336.9     59.079
337.167     59.044
337.433     59.009
337.696     58.973
337.867     59.023
338.033     59.073
338.3     59.036
338.563     58.999
338.733     59.048
338.904     59.097
339.071     59.145
339.242     59.194
339.413     59.242
339.587     59.29
339.758     59.338
339.929     59.386
340.104     59.433
340.279     59.48
340.45     59.527
340.533     59.662
340.617     59.797
340.792     59.844
340.971     59.89
341.146     59.936
341.325     59.981
341.5     60.027
341.679     60.072
341.771     60.207
341.858     60.341
342.038     60.386
342.221     60.43
342.313     60.564
342.404     60.698
342.5     60.832
342.592     60.966
342.688     61.099
342.783     61.233
342.971     61.277
343.158     61.32
343.254     61.453
343.354     61.586
343.546     61.629
343.733     61.672
343.837     61.805
343.942     61.938
344.133     61.979
344.325     62.021
344.521     62.063
344.712     62.104
344.908     62.145
345.104     62.185
345.213     62.317
345.325     62.449
345.521     62.489
345.721     62.529
345.921     62.568
346.121     62.608
346.321     62.647
346.521     62.685
346.721     62.724
346.925     62.762
347.125     62.8
347.329     62.837
347.533     62.874
347.733     62.911
347.938     62.948
348.146     62.984
348.35     63.021
348.554     63.056
348.762     63.092
349.046     63.034
349.329     62.974
349.533     63.009
349.742     63.043
350.025     62.983
350.304     62.922
350.512     62.955
350.721     62.988
351     62.926
351.275     62.863
351.483     62.894
351.692     62.926
351.9     62.957
352.112     62.987
352.321     63.018
352.533     63.048
352.742     63.078
352.954     63.107
353.163     63.136
353.375     63.165
353.587     63.194
353.8     63.222
354.012     63.25
354.229     63.277
354.442     63.305
354.654     63.332
354.871     63.359
355.087     63.385
355.3     63.411
355.517     63.437
355.733     63.462
355.95     63.487
356.167     63.512
356.383     63.536
356.604     63.561
356.821     63.584
357.038     63.608
357.204     63.728
357.375     63.848
357.596     63.871
357.817     63.893
357.988     64.013
358.163     64.132
358.337     64.251
358.512     64.37
358.737     64.391
358.967     64.412
359.146     64.53
359.325     64.648
359.508     64.766
359.696     64.883
359.879     65.001
359.925     47.787
359.813     47.669
359.671     47.65
359.529     47.631
359.417     47.513
359.308     47.396
359.167     47.376
359.029     47.355
358.887     47.335
358.75     47.314
358.642     47.196
358.533     47.077
358.396     47.056
358.254     47.035
358.117     47.013
357.979     46.991
357.875     46.872
357.771     46.753
357.633     46.73
357.496     46.708
357.358     46.685
357.221     46.662
357.083     46.639
356.95     46.616
356.846     46.495
356.746     46.375
356.613     46.351
356.475     46.327
356.342     46.302
356.204     46.278
356.071     46.253
355.933     46.229
355.8     46.204
355.667     46.178
355.529     46.153
355.396     46.127
355.262     46.101
355.129     46.075
354.992     46.049
354.821     46.119
354.646     46.188
354.512     46.161
354.379     46.134
354.204     46.203
354.029     46.271
353.892     46.243
353.758     46.215
353.583     46.282
353.404     46.349
353.271     46.321
353.137     46.292
352.962     46.358
352.783     46.424
352.604     46.489
352.425     46.554
352.246     46.619
352.067     46.683
351.933     46.653
351.796     46.622
351.617     46.685
351.433     46.749
351.254     46.811
351.071     46.874
350.887     46.936
350.704     46.998
350.571     46.965
350.438     46.933
350.25     46.993
350.067     47.054
349.933     47.02
349.8     46.986
349.613     47.046
349.429     47.106
349.296     47.071
349.158     47.036
349.025     47.001
348.892     46.966
348.708     47.024
348.521     47.082
348.387     47.046
348.254     47.01
348.067     47.066
347.879     47.123
347.746     47.086
347.613     47.049
347.425     47.104
347.233     47.159
347.1     47.122
346.971     47.084
346.779     47.138
346.592     47.192
346.458     47.153
346.325     47.114
346.192     47.076
346.063     47.036
345.929     46.997
345.8     46.958
345.667     46.918
345.538     46.878
345.408     46.838
345.275     46.798
345.146     46.758
345.017     46.717
344.825     46.767
344.633     46.817
344.504     46.776
344.375     46.734
344.246     46.693
344.117     46.651
343.988     46.609
343.858     46.567
343.667     46.615
343.475     46.662
343.346     46.619
343.221     46.576
343.029     46.623
342.833     46.669
342.708     46.626
342.579     46.582
342.45     46.538
342.325     46.493
342.133     46.538
341.938     46.583
341.813     46.538
341.683     46.493
341.558     46.447
341.433     46.402
341.308     46.356
341.179     46.311
340.987     46.353
340.792     46.395
340.667     46.349
340.542     46.302
340.417     46.255
340.292     46.208
340.1     46.249
339.904     46.289
339.779     46.242
339.658     46.194
339.533     46.146
339.408     46.098
339.288     46.05
339.163     46.001
339.038     45.953
338.917     45.904
338.721     45.942
338.529     45.979
338.333     46.016
338.137     46.053
337.942     46.089
337.746     46.125
337.55     46.161
337.354     46.196
337.158     46.231
336.963     46.265
336.767     46.299
336.567     46.332
336.446     46.281
336.325     46.229
336.125     46.261
335.929     46.293
335.808     46.241
335.688     46.188
335.567     46.135
335.446     46.082
335.329     46.029
335.208     45.975
335.087     45.922
334.971     45.868
334.85     45.814
334.733     45.76
334.617     45.706
334.496     45.652
334.379     45.597
334.262     45.543
334.146     45.488
334.108     45.35
334.071     45.212
333.954     45.157
333.837     45.102
333.721     45.047
333.604     44.991
333.492     44.936
333.375     44.88
333.342     44.742
333.304     44.604
333.192     44.548
333.079     44.492
333.046     44.354
333.012     44.215
332.9     44.159
332.788     44.103
332.754     43.964
332.721     43.826
332.688     43.688
332.658     43.549
332.625     43.411
332.596     43.272
332.483     43.216
332.375     43.159
332.342     43.02
332.313     42.882
332.204     42.825
332.096     42.768
331.988     42.71
331.879     42.653
331.85     42.514
331.821     42.376
331.713     42.318
331.604     42.26
331.579     42.122
331.55     41.983
331.446     41.925
331.337     41.867
331.313     41.728
331.288     41.589
331.179     41.531
331.075     41.473
330.971     41.414
330.867     41.356
330.842     41.217
330.817     41.078
330.713     41.019
330.608     40.961
330.583     40.822
330.563     40.683
330.458     40.624
330.354     40.564
330.333     40.426
330.308     40.287
330.208     40.227
330.104     40.168
330.004     40.108
329.904     40.048
329.804     39.989
329.7     39.929
329.679     39.79
329.658     39.651
329.558     39.591
329.458     39.53
329.363     39.47
329.262     39.409
329.242     39.27
329.225     39.131
329.125     39.071
329.025     39.01
329.008     38.871
328.988     38.732
328.892     38.671
328.796     38.61
328.775     38.471
328.758     38.332
328.662     38.271
328.567     38.209
328.471     38.148
328.375     38.086
328.279     38.025
328.179     37.963
328.087     37.901
327.992     37.839
327.896     37.777
327.8     37.715
327.704     37.653
327.608     37.591
327.517     37.528
327.421     37.466
327.325     37.403
327.233     37.341
327.137     37.277
327.046     37.215
326.95     37.152
326.779     37.165
326.604     37.177
326.508     37.114
326.417     37.05
326.325     36.986
326.233     36.923
326.137     36.859
326.046     36.794
325.954     36.731
325.862     36.666
325.692     36.677
325.517     36.688
325.425     36.623
325.333     36.558
325.242     36.493
325.154     36.428
325.063     36.363
324.971     36.298
324.883     36.233
324.792     36.167
324.617     36.176
324.446     36.184
324.354     36.119
324.267     36.053
324.179     35.987
324.087     35.921
324     35.854
323.913     35.788
323.821     35.722
323.733     35.655
323.646     35.589
323.558     35.522
323.471     35.455
323.383     35.389
323.296     35.322
323.208     35.254
323.121     35.188
323.033     35.12
322.946     35.053
322.863     34.986
322.775     34.918
322.688     34.851
322.604     34.783
322.517     34.716
322.429     34.648
322.346     34.58
322.258     34.512
322.175     34.444
322.087     34.376
322.004     34.308
321.921     34.239
321.837     34.171
321.75     34.102
321.667     34.034
321.583     33.965
321.5     33.896
321.417     33.828
321.333     33.759
321.25     33.69
321.167     33.621
321.083     33.552
321     33.483
320.917     33.413
320.833     33.344
320.75     33.274
320.671     33.205
320.587     33.135
320.504     33.066
320.425     32.996
320.429     32.856
320.429     32.716
320.35     32.646
320.271     32.576
320.271     32.437
320.275     32.297
320.196     32.227
320.117     32.157
320.121     32.017
320.125     31.878
320.046     31.808
319.967     31.737
319.887     31.667
319.808     31.597
319.813     31.457
319.817     31.318
319.738     31.247
319.658     31.177
319.583     31.106
319.504     31.036
319.425     30.965
319.346     30.894
319.267     30.823
319.192     30.752
319.113     30.681
319.038     30.61
318.958     30.539
318.879     30.468
318.804     30.397
318.642     30.393
318.479     30.39
318.404     30.318
318.325     30.246
318.25     30.174
318.175     30.103
318.012     30.098
317.85     30.094
317.775     30.021
317.7     29.949
317.625     29.877
317.633     29.737
317.646     29.598
317.571     29.525
317.496     29.453
317.421     29.38
317.346     29.308
317.271     29.235
317.196     29.162
317.121     29.089
317.046     29.017
316.971     28.944
316.9     28.871
316.825     28.798
316.75     28.724
316.679     28.651
316.604     28.578
316.617     28.439
316.629     28.299
316.554     28.226
316.483     28.153
316.413     28.079
316.337     28.006
316.267     27.933
316.192     27.859
316.121     27.785
316.05     27.711
315.979     27.638
315.904     27.564
315.833     27.49
315.762     27.416
315.692     27.342
315.621     27.268
315.55     27.193
315.479     27.119
315.408     27.045
315.337     26.971
315.267     26.896
315.196     26.822
315.125     26.747
315.054     26.673
314.983     26.598
314.913     26.523
314.846     26.448
314.775     26.374
314.704     26.299
314.633     26.224
314.567     26.149
314.496     26.074
314.429     25.999
314.358     25.923
314.288     25.848
314.221     25.773
314.15     25.698
314.083     25.622
314.017     25.547
313.946     25.471
313.879     25.396
313.813     25.32
313.742     25.244
313.675     25.169
313.608     25.093
313.538     25.017
313.471     24.941
313.404     24.865
313.425     24.726
313.442     24.588
313.375     24.512
313.308     24.436
313.242     24.36
313.175     24.284
313.108     24.208
313.042     24.131
312.975     24.055
312.908     23.979
312.842     23.902
312.775     23.826
312.712     23.749
312.646     23.673
312.579     23.596
312.512     23.519
312.533     23.381
312.554     23.243
312.492     23.166
312.425     23.089
312.358     23.013
312.296     22.936
312.229     22.859
312.167     22.782
312.1     22.705
312.038     22.628
312.058     22.49
312.079     22.352
312.017     22.275
311.95     22.198
311.887     22.121
311.825     22.043
311.758     21.966
311.696     21.889
311.633     21.812
311.571     21.734
311.504     21.657
311.442     21.579
311.379     21.502
311.317     21.424
311.254     21.347
311.192     21.269
311.213     21.131
311.238     20.993
311.175     20.916
311.113     20.838
311.05     20.76
310.987     20.682
310.925     20.604
310.862     20.526
310.8     20.449
310.742     20.371
310.679     20.293
310.617     20.214
310.554     20.136
310.492     20.058
310.433     19.98
310.371     19.902
310.396     19.764
310.421     19.627
310.358     19.548
310.3     19.47
310.238     19.392
310.175     19.313
310.117     19.235
310.054     19.156
309.996     19.078
309.933     18.999
309.875     18.921
309.817     18.842
309.754     18.763
309.696     18.684
309.633     18.606
309.575     18.527
309.517     18.448
309.458     18.369
309.396     18.29
309.337     18.211
309.279     18.132
309.133     18.111
308.987     18.089
308.929     18.01
308.871     17.931
308.725     17.909
308.579     17.887
308.521     17.807
308.463     17.728
308.321     17.705
308.175     17.683
308.117     17.603
308.058     17.523
308     17.443
307.942     17.363
307.796     17.34
307.654     17.316
307.596     17.236
307.625     17.099
307.654     16.962
307.596     16.882
307.538     16.802
307.479     16.722
307.421     16.641
307.367     16.561
307.308     16.481
307.337     16.344
307.367     16.207
307.308     16.127
307.254     16.046
307.196     15.966
307.137     15.885
307.083     15.805
307.025     15.724
307.054     15.588
307.083     15.451
307.029     15.371
306.971     15.29
306.917     15.209
306.863     15.129
306.892     14.992
306.921     14.856
306.867     14.775
306.808     14.694
306.7     14.533
306.642     14.452
306.587     14.371
306.617     14.235
306.65     14.099
306.592     14.018
306.538     13.937
306.483     13.856
306.429     13.775
306.375     13.694
306.317     13.613
306.262     13.532
306.208     13.451
306.154     13.37
306.1     13.289
306.046     13.208
305.992     13.126
305.938     13.045
305.883     12.964
305.829     12.882
305.775     12.801
305.721     12.719
305.667     12.638
305.613     12.556
305.471     12.529
305.333     12.502
305.279     12.42
305.225     12.338
305.171     12.256
305.117     12.175
304.979     12.147
304.837     12.118
304.783     12.036
304.733     11.954
304.592     11.926
304.454     11.897
304.4     11.815
304.346     11.733
304.208     11.704
304.067     11.674
304.017     11.592
303.963     11.51
303.908     11.427
303.858     11.344
303.804     11.262
303.754     11.179
303.7     11.097
303.646     11.014
303.596     10.931
303.542     10.849
303.492     10.766
303.437     10.683
303.387     10.601
303.333     10.518
303.283     10.435
303.229     10.352
303.179     10.269
303.129     10.186
303.075     10.103
303.025     10.02
302.971     9.937
302.921     9.854
302.871     9.771
302.817     9.688
302.679     9.657
302.542     9.625
302.492     9.542
302.442     9.459
302.387     9.376
302.337     9.292
302.2     9.26
302.063     9.228
302.012     9.145
301.963     9.061
301.825     9.029
301.688     8.997
301.55     8.964
301.413     8.932
301.358     8.848
301.308     8.764
301.171     8.731
301.033     8.698
300.983     8.614
300.933     8.53
300.883     8.446
300.833     8.362
300.696     8.328
300.558     8.295
300.508     8.211
300.458     8.126
300.408     8.042
300.358     7.958
300.308     7.873
300.258     7.789
300.208     7.704
300.158     7.62
300.108     7.535
300.063     7.451
300.012     7.366
299.963     7.282
299.825     7.247
299.687     7.213
299.55     7.178
299.417     7.143
299.279     7.108
299.142     7.073
299.004     7.038
298.867     7.003
298.733     6.967
298.596     6.932
298.546     6.847
298.496     6.761
298.363     6.726
298.225     6.69
298.175     6.604
298.129     6.519
298.079     6.434
298.029     6.348
297.979     6.263
297.933     6.177
297.883     6.092
297.833     6.006
297.788     5.921
297.737     5.835
297.692     5.75
297.642     5.664
297.504     5.628
297.371     5.591
297.321     5.505
297.275     5.419
297.225     5.333
297.175     5.248
297.129     5.162
297.079     5.076
296.946     5.039
296.808     5.002
296.762     4.916
296.712     4.83
296.667     4.744
296.617     4.658
296.571     4.572
296.521     4.486
296.475     4.4
296.425     4.314
296.292     4.276
296.154     4.238
296.108     4.152
296.063     4.066
296.012     3.979
295.967     3.893
295.917     3.807
295.871     3.721
295.825     3.634
295.775     3.548
295.729     3.462
295.683     3.375
295.546     3.337
295.413     3.298
295.363     3.212
295.317     3.125
295.271     3.039
295.221     2.952
295.175     2.866
295.129     2.779
295.083     2.693
295.033     2.606
294.987     2.519
294.942     2.433
294.804     2.394
294.671     2.355
294.625     2.268
294.579     2.181
294.529     2.094
294.483     2.008
294.438     1.921
294.392     1.834
294.346     1.747
294.296     1.661
294.25     1.574
294.204     1.487
294.158     1.4
294.113     1.313
294.067     1.226
294.021     1.139
293.971     1.052
293.925     0.966
293.879     0.878
293.833     0.791
293.788     0.704
293.742     0.618
293.696     0.531
293.65     0.444
293.604     0.356
293.558     0.269
293.512     0.182
293.463     0.095
293.417     0.008
293.463     -0.125
293.504     -0.259
293.458     -0.346
293.413     -0.433
293.367     -0.52
293.321     -0.607
293.275     -0.695
293.229     -0.782
293.183     -0.869
293.137     -0.956
293.179     -1.09
293.221     -1.223
293.175     -1.311
293.129     -1.398
293.087     -1.485
293.042     -1.572
292.996     -1.659
292.95     -1.746
292.904     -1.834
292.858     -1.921
292.813     -2.008
292.767     -2.096
292.721     -2.183
292.675     -2.27
292.629     -2.357
292.587     -2.445
292.542     -2.532
292.404     -2.574
292.271     -2.615
292.137     -2.656
292.004     -2.698
291.958     -2.786
291.913     -2.873
291.779     -2.915
291.646     -2.956
291.508     -2.998
291.375     -3.04
291.242     -3.082
291.108     -3.124
291.063     -3.211
291.017     -3.299
290.883     -3.341
290.75     -3.383
290.704     -3.471
290.658     -3.559
290.613     -3.647
290.658     -3.78
290.7     -3.914
290.654     -4.001
290.608     -4.089
290.654     -4.222
290.7     -4.356
290.654     -4.444
290.608     -4.532
290.654     -4.665
290.696     -4.798
290.654     -4.886
290.608     -4.974
290.65     -5.107
290.696     -5.24
290.742     -5.373
290.788     -5.506
290.742     -5.594
290.696     -5.682
290.742     -5.815
290.788     -5.948
290.742     -6.036
290.696     -6.124
290.742     -6.256
290.788     -6.389
290.833     -6.522
290.879     -6.655
290.833     -6.742
290.792     -6.83
290.837     -6.963
290.879     -7.096
290.925     -7.228
290.971     -7.361
290.929     -7.449
290.883     -7.536
290.929     -7.669
290.975     -7.801
290.933     -7.889
290.887     -7.977
290.933     -8.109
290.979     -8.241
290.938     -8.329
290.892     -8.417
290.938     -8.549
290.988     -8.681
290.942     -8.769
290.896     -8.857
290.946     -8.989
290.992     -9.121
290.946     -9.209
290.904     -9.296
290.95     -9.428
291     -9.56
290.954     -9.648
290.913     -9.736
290.958     -9.867
291.004     -9.999
291.054     -10.131
291.1     -10.263
291.058     -10.35
291.012     -10.438
291.063     -10.57
291.108     -10.701
291.067     -10.789
291.025     -10.877
291.071     -11.008
291.121     -11.139
291.167     -11.271
291.217     -11.402
291.175     -11.49
291.129     -11.577
291.179     -11.709
291.229     -11.84
291.183     -11.927
291.142     -12.015
291.192     -12.146
291.242     -12.277
291.196     -12.365
291.154     -12.452
291.112     -12.54
291.067     -12.628
291.025     -12.716
290.983     -12.803
291.033     -12.934
291.083     -13.065
291.038     -13.152
290.996     -13.24
291.046     -13.371
291.096     -13.501
291.054     -13.589
291.012     -13.677
290.967     -13.765
290.925     -13.852
290.975     -13.983
291.025     -14.113
290.983     -14.201
290.942     -14.289
290.9     -14.377
290.854     -14.464
290.813     -14.552
290.771     -14.64
290.729     -14.728
290.683     -14.816
290.738     -14.946
290.788     -15.076
290.746     -15.164
290.704     -15.252
290.754     -15.382
290.804     -15.512
290.762     -15.599
290.721     -15.687
290.679     -15.775
290.637     -15.863
290.688     -15.993
290.742     -16.122
290.7     -16.21
290.658     -16.298
290.708     -16.428
290.762     -16.557
290.813     -16.687
290.867     -16.816
290.921     -16.946
290.975     -17.075
291.025     -17.204
291.079     -17.333
291.133     -17.462
291.187     -17.591
291.146     -17.679
291.104     -17.767
291.158     -17.896
291.212     -18.025
291.171     -18.112
291.129     -18.2
291.183     -18.329
291.237     -18.457
291.196     -18.545
291.158     -18.633
291.212     -18.761
291.267     -18.889
291.225     -18.977
291.183     -19.065
291.142     -19.153
291.1     -19.24
291.158     -19.369
291.212     -19.497
291.171     -19.584
291.129     -19.672
291.092     -19.76
291.05     -19.848
291.008     -19.935
290.967     -20.023
290.925     -20.111
290.883     -20.199
290.842     -20.286
290.8     -20.374
290.762     -20.462
290.721     -20.55
290.679     -20.638
290.637     -20.726
290.596     -20.813
290.554     -20.901
290.512     -20.989
290.475     -21.077
290.433     -21.165
290.392     -21.253
290.35     -21.341
290.308     -21.428
290.267     -21.516
290.225     -21.604
290.283     -21.732
290.342     -21.86
290.3     -21.947
290.258     -22.036
290.217     -22.123
290.179     -22.211
290.137     -22.299
290.096     -22.387
290.154     -22.515
290.212     -22.642
290.171     -22.73
290.129     -22.818
290.192     -22.945
290.25     -23.072
290.208     -23.161
290.167     -23.248
290.225     -23.376
290.288     -23.502
290.246     -23.59
290.204     -23.678
290.267     -23.805
290.325     -23.932
290.283     -24.02
290.246     -24.108
290.304     -24.234
290.367     -24.361
290.325     -24.449
290.283     -24.537
290.346     -24.663
290.408     -24.789
290.367     -24.877
290.329     -24.965
290.387     -25.091
290.45     -25.217
290.413     -25.305
290.371     -25.393
290.329     -25.481
290.292     -25.569
290.25     -25.657
290.212     -25.745
290.171     -25.833
290.129     -25.921
290.092     -26.009
290.05     -26.096
290.008     -26.184
289.867     -26.234
289.725     -26.284
289.683     -26.372
289.642     -26.461
289.604     -26.549
289.563     -26.637
289.521     -26.725
289.483     -26.813
289.442     -26.901
289.4     -26.989
289.258     -27.039
289.113     -27.089
289.071     -27.178
289.029     -27.266
288.992     -27.354
288.95     -27.442
288.804     -27.492
288.658     -27.543
288.617     -27.631
288.579     -27.719
288.433     -27.769
288.288     -27.82
288.246     -27.908
288.204     -27.996
288.163     -28.085
288.121     -28.173
288.079     -28.261
288.042     -28.349
288     -28.438
287.958     -28.526
287.917     -28.615
287.875     -28.703
287.833     -28.791
287.792     -28.88
287.75     -28.968
287.708     -29.056
287.667     -29.145
287.625     -29.233
287.587     -29.322
287.546     -29.41
287.504     -29.498
287.462     -29.587
287.421     -29.675
287.483     -29.801
287.55     -29.927
287.508     -30.016
287.467     -30.104
287.533     -30.23
287.6     -30.356
287.667     -30.481
287.733     -30.607
287.692     -30.695
287.65     -30.784
287.717     -30.909
287.788     -31.034
287.854     -31.159
287.921     -31.284
287.883     -31.373
287.842     -31.461
287.908     -31.586
287.979     -31.711
287.938     -31.799
287.896     -31.887
287.858     -31.976
287.817     -32.064
287.883     -32.189
287.954     -32.313
287.913     -32.402
287.875     -32.49
287.833     -32.578
287.792     -32.667
287.754     -32.755
287.713     -32.843
287.783     -32.968
287.854     -33.092
287.813     -33.18
287.771     -33.269
287.733     -33.357
287.692     -33.445
287.65     -33.534
287.613     -33.622
287.683     -33.746
287.754     -33.87
287.717     -33.958
287.675     -34.047
287.633     -34.135
287.592     -34.224
287.554     -34.312
287.512     -34.4
287.587     -34.524
287.658     -34.647
287.621     -34.736
287.579     -34.824
287.538     -34.913
287.5     -35.001
287.458     -35.089
287.417     -35.178
287.375     -35.266
287.337     -35.355
287.296     -35.443
287.254     -35.532
287.217     -35.62
287.175     -35.709
287.133     -35.797
287.092     -35.886
287.054     -35.974
287.012     -36.062
286.971     -36.151
286.929     -36.239
286.892     -36.328
286.85     -36.416
286.808     -36.505
286.767     -36.593
286.725     -36.682
286.688     -36.77
286.646     -36.859
286.604     -36.947
286.563     -37.036
286.404     -37.09
286.246     -37.144
286.204     -37.232
286.163     -37.321
286.121     -37.409
286.079     -37.498
285.921     -37.551
285.762     -37.605
285.721     -37.694
285.675     -37.782
285.517     -37.836
285.354     -37.889
285.313     -37.978
285.271     -38.067
285.108     -38.12
284.95     -38.173
284.904     -38.262
284.863     -38.351
284.7     -38.404
284.538     -38.457
284.496     -38.546
284.45     -38.635
284.288     -38.688
284.125     -38.741
284.083     -38.829
284.038     -38.918
283.996     -39.007
283.95     -39.096
283.788     -39.148
283.621     -39.201
283.575     -39.29
283.533     -39.379
283.488     -39.467
283.442     -39.556
283.279     -39.609
283.113     -39.661
283.067     -39.75
283.021     -39.839
282.854     -39.891
282.688     -39.944
282.642     -40.032
282.6     -40.121
282.554     -40.21
282.508     -40.299
282.337     -40.351
282.171     -40.403
282.125     -40.492
282.079     -40.581
282.033     -40.669
281.988     -40.758
281.938     -40.847
281.892     -40.936
281.725     -40.988
281.554     -41.039
281.508     -41.128
281.458     -41.217
281.413     -41.306
281.367     -41.394
281.317     -41.483
281.271     -41.572
281.1     -41.624
280.925     -41.675
280.879     -41.764
280.829     -41.853
280.783     -41.941
280.733     -42.03
280.688     -42.119
280.637     -42.208
280.592     -42.296
280.542     -42.385
280.492     -42.474
280.446     -42.563
280.396     -42.651
280.346     -42.74
280.171     -42.791
279.996     -42.842
279.946     -42.931
279.9     -43.02
279.85     -43.109
279.8     -43.197
279.75     -43.286
279.7     -43.375
279.521     -43.426
279.346     -43.476
279.296     -43.565
279.246     -43.654
279.067     -43.704
278.887     -43.754
278.837     -43.843
278.783     -43.932
278.604     -43.982
278.425     -44.032
278.375     -44.12
278.321     -44.209
278.142     -44.259
277.958     -44.308
277.908     -44.397
277.854     -44.485
277.675     -44.534
277.492     -44.584
277.438     -44.672
277.383     -44.761
277.329     -44.849
277.275     -44.937
277.092     -44.986
276.908     -45.035
276.854     -45.124
276.8     -45.212
276.617     -45.26
276.429     -45.309
276.246     -45.357
276.058     -45.404
275.875     -45.452
275.688     -45.499
275.629     -45.588
275.575     -45.676
275.387     -45.723
275.2     -45.77
275.142     -45.858
275.083     -45.946
274.896     -45.993
274.708     -46.039
274.65     -46.127
274.592     -46.215
274.533     -46.303
274.475     -46.391
274.283     -46.437
274.092     -46.483
274.033     -46.571
273.975     -46.659
273.913     -46.747
273.854     -46.835
273.796     -46.922
273.733     -47.01
273.675     -47.098
273.613     -47.186
273.421     -47.231
273.225     -47.276
273.163     -47.364
273.104     -47.452
273.042     -47.539
272.979     -47.627
272.783     -47.671
272.587     -47.716
272.525     -47.803
272.462     -47.891
272.4     -47.978
272.337     -48.066
272.137     -48.11
271.942     -48.153
271.875     -48.241
271.813     -48.328
271.75     -48.416
271.683     -48.503
271.621     -48.59
271.554     -48.677
271.492     -48.764
271.425     -48.852
271.358     -48.939
271.296     -49.026
271.229     -49.113
271.163     -49.2
270.958     -49.243
270.758     -49.286
270.692     -49.372
270.621     -49.459
270.554     -49.546
270.487     -49.633
270.421     -49.72
270.354     -49.807
270.288     -49.894
270.217     -49.981
270.012     -50.022
269.804     -50.064
269.733     -50.151
269.667     -50.237
269.458     -50.278
269.246     -50.319
269.179     -50.406
269.108     -50.492
