291.467     12.81
291.517     12.898
291.567     12.986
291.613     13.073
291.663     13.161
291.713     13.248
291.762     13.336
291.813     13.424
291.95     13.463
292     13.55
292.05     13.638
292.192     13.677
292.329     13.716
292.379     13.803
292.521     13.842
292.658     13.881
292.708     13.968
292.758     14.056
292.9     14.094
292.863     14.23
292.913     14.317
293.05     14.356
293.1     14.443
293.15     14.53
293.292     14.569
293.342     14.656
293.483     14.694
293.625     14.732
293.675     14.819
293.817     14.857
293.775     14.993
293.825     15.08
293.788     15.216
293.696     15.265
293.608     15.314
293.567     15.451
293.475     15.499
293.438     15.636
293.346     15.684
293.308     15.821
293.217     15.869
293.175     16.006
293.137     16.142
293.046     16.191
292.954     16.239
292.917     16.376
292.875     16.512
292.925     16.599
292.883     16.735
292.846     16.871
292.896     16.958
293.038     16.997
293.092     17.084
293.233     17.122
293.375     17.16
293.517     17.198
293.658     17.236
293.804     17.274
293.946     17.311
293.996     17.398
294.05     17.485
294.1     17.572
294.063     17.709
293.971     17.758
293.929     17.894
293.837     17.944
293.8     18.08
293.708     18.129
293.667     18.265
293.629     18.401
293.679     18.489
293.637     18.625
293.692     18.712
293.742     18.799
293.887     18.836
293.942     18.923
294.083     18.961
294.137     19.048
294.279     19.085
294.371     19.036
294.517     19.073
294.663     19.11
294.754     19.06
294.846     19.01
294.937     18.96
295.079     18.997
295.225     19.033
295.279     19.12
295.329     19.206
295.383     19.293
295.438     19.379
295.492     19.466
295.542     19.552
295.504     19.689
295.558     19.775
295.613     19.862
295.667     19.948
295.717     20.034
295.771     20.121
295.825     20.207
295.879     20.293
295.933     20.379
295.987     20.466
296.042     20.552
296.004     20.689
296.058     20.775
296.113     20.861
296.167     20.948
296.221     21.034
296.183     21.171
296.238     21.257
296.292     21.343
296.346     21.429
296.4     21.515
296.546     21.55
296.6     21.636
296.75     21.671
296.896     21.706
297.042     21.741
297.137     21.69
297.283     21.724
297.429     21.758
297.525     21.707
297.671     21.741
297.821     21.775
297.875     21.861
298.021     21.894
298.171     21.928
298.317     21.961
298.467     21.995
298.521     22.08
298.671     22.113
298.725     22.198
298.875     22.231
298.967     22.179
299.117     22.211
299.208     22.159
299.3     22.106
299.392     22.054
299.483     22.001
299.517     21.863
299.554     21.726
299.496     21.641
299.587     21.589
299.737     21.621
299.883     21.653
299.975     21.599
300.067     21.547
300.158     21.494
300.25     21.441
300.283     21.303
300.225     21.219
300.317     21.166
300.35     21.028
300.387     20.891
300.329     20.806
300.421     20.753
300.454     20.616
300.487     20.478
300.633     20.509
300.725     20.456
300.758     20.319
300.85     20.266
300.938     20.212
301.029     20.159
301.063     20.021
301.096     19.884
301.129     19.747
301.075     19.663
301.108     19.525
301.05     19.441
300.904     19.411
300.85     19.326
300.704     19.295
300.558     19.264
300.413     19.232
300.175     19.254
300.267     19.201
300.121     19.169
299.887     19.19
299.975     19.138
299.829     19.106
299.775     19.021
299.629     18.989
299.575     18.904
299.521     18.819
299.554     18.682
299.5     18.597
299.446     18.513
299.479     18.375
299.425     18.291
299.463     18.154
299.496     18.017
299.529     17.879
299.567     17.743
299.6     17.606
299.637     17.469
299.671     17.332
299.617     17.247
299.65     17.11
299.596     17.025
299.633     16.889
299.667     16.752
299.612     16.667
299.65     16.53
299.596     16.446
299.542     16.361
299.488     16.276
299.525     16.139
299.558     16.003
299.504     15.918
299.542     15.781
299.575     15.644
299.612     15.508
299.558     15.423
299.504     15.338
299.45     15.253
299.4     15.169
299.346     15.084
299.292     14.999
299.238     14.914
299.188     14.829
299.221     14.693
299.258     14.556
299.292     14.42
299.242     14.335
299.188     14.25
299.137     14.165
299.083     14.08
299.029     13.995
298.979     13.91
298.837     13.876
298.696     13.842
298.608     13.893
298.521     13.944
298.429     13.996
298.254     14.098
298.342     14.047
298.2     14.012
298.063     13.978
298.008     13.893
297.867     13.858
297.817     13.772
297.762     13.687
297.625     13.652
297.571     13.566
297.521     13.481
297.558     13.344
297.504     13.259
297.542     13.123
297.633     13.072
297.671     12.936
297.758     12.885
297.796     12.749
297.883     12.699
297.971     12.648
298.058     12.598
298.096     12.461
298.183     12.411
298.221     12.275
298.258     12.139
298.208     12.053
298.246     11.917
298.192     11.832
298.142     11.747
298.092     11.661
297.95     11.626
297.9     11.541
297.762     11.506
297.621     11.47
297.571     11.385
297.433     11.349
297.296     11.314
297.154     11.278
297.017     11.242
296.929     11.292
296.788     11.256
296.7     11.306
296.563     11.27
296.475     11.32
296.383     11.369
296.246     11.333
296.108     11.297
295.971     11.26
295.829     11.223
295.692     11.186
295.554     11.149
295.413     11.112
295.275     11.075
295.137     11.038
295     11.001
294.95     10.914
294.808     10.877
294.762     10.79
294.621     10.752
294.571     10.666
294.521     10.579
294.475     10.492
294.333     10.454
294.288     10.367
294.275     10.145
294.137     10.107
294.1     10.243
294.238     10.281
294.325     10.232
294.463     10.269
294.6     10.308
294.738     10.345
294.788     10.432
294.925     10.469
295.017     10.42
295.154     10.458
295.242     10.409
295.379     10.446
295.471     10.397
295.558     10.347
295.646     10.298
295.733     10.249
295.775     10.113
295.862     10.064
295.95     10.014
295.987     9.879
295.937     9.793
296.025     9.743
296.067     9.608
296.154     9.558
296.292     9.595
296.342     9.681
296.479     9.718
296.529     9.804
296.667     9.84
296.754     9.791
296.892     9.827
296.979     9.777
297.071     9.728
297.158     9.678
297.246     9.628
297.333     9.578
297.371     9.443
297.408     9.307
297.496     9.257
297.533     9.122
297.575     8.986
297.613     8.851
297.563     8.766
297.6     8.63
297.55     8.544
297.587     8.409
297.538     8.324
297.488     8.238
297.354     8.202
297.262     8.251
297.129     8.215
297.038     8.264
296.95     8.314
296.813     8.278
296.725     8.327
296.637     8.376
296.55     8.425
296.463     8.475
296.375     8.524
296.288     8.573
296.2     8.622
296.113     8.672
296.021     8.721
295.983     8.856
295.896     8.905
295.858     9.041
295.767     9.09
295.542     9.102
295.629     9.053
295.492     9.015
295.354     8.978
295.308     8.891
295.258     8.805
295.121     8.768
295.071     8.681
295.021     8.594
294.975     8.508
294.925     8.421
294.875     8.334
294.825     8.248
294.779     8.161
294.729     8.074
294.679     7.988
294.633     7.901
294.671     7.766
294.713     7.631
294.75     7.495
294.704     7.409
294.742     7.273
294.692     7.187
294.646     7.1
294.596     7.013
294.55     6.926
294.5     6.84
294.45     6.753
294.404     6.666
294.354     6.579
294.396     6.444
294.433     6.309
294.475     6.174
294.429     6.087
294.467     5.953
294.421     5.866
294.371     5.779
294.325     5.692
294.275     5.605
294.317     5.471
294.267     5.384
294.133     5.345
293.996     5.306
293.95     5.219
293.813     5.18
293.679     5.141
293.629     5.054
293.583     4.967
293.446     4.927
293.4     4.84
293.35     4.753
293.304     4.666
293.258     4.579
293.208     4.492
293.163     4.404
293.117     4.318
293.067     4.23
293.021     4.143
292.975     4.056
293.012     3.921
292.967     3.834
293.008     3.699
293.05     3.564
293.004     3.477
293.042     3.343
292.996     3.256
293.083     3.208
293.125     3.074
293.079     2.986
293.033     2.899
292.896     2.859
292.762     2.819
292.717     2.732
292.492     2.739
292.579     2.692
292.446     2.651
292.4     2.564
292.262     2.524
292.217     2.436
292.171     2.349
292.125     2.261
292.075     2.174
291.942     2.134
291.896     2.046
291.758     2.005
291.625     1.965
291.492     1.924
291.446     1.836
291.308     1.796
291.262     1.708
291.129     1.667
290.992     1.626
290.946     1.538
290.813     1.497
290.767     1.409
290.629     1.368
290.583     1.28
290.45     1.239
290.404     1.151
290.267     1.11
290.221     1.022
290.262     0.888
290.217     0.799
290.171     0.712
290.212     0.577
290.167     0.489
290.258     0.443
290.3     0.308
290.342     0.174
290.429     0.128
290.521     0.081
290.654     0.123
290.742     0.076
290.829     0.03
290.921     -0.016
291.008     -0.063
291.096     -0.109
291.183     -0.156
291.275     -0.202
291.363     -0.249
291.45     -0.295
291.492     -0.429
291.538     -0.563
291.579     -0.697
291.446     -0.738
291.4     -0.826
291.354     -0.914
291.308     -1.001
291.262     -1.089
291.304     -1.223
291.258     -1.311
291.212     -1.398
291.167     -1.486
291.208     -1.62
291.254     -1.754
291.208     -1.841
291.075     -1.883
291.029     -1.971
290.983     -2.058
290.846     -2.1
290.713     -2.142
290.625     -2.096
290.538     -2.05
290.446     -2.004
290.313     -2.046
290.225     -2
290.087     -2.042
290     -1.996
289.913     -1.95
289.821     -1.904
289.733     -1.858
289.646     -1.812
289.554     -1.766
289.467     -1.72
289.333     -1.762
289.2     -1.804
289.063     -1.846
288.975     -1.8
288.842     -1.842
288.796     -1.93
288.658     -1.973
288.617     -2.061
288.571     -2.149
288.433     -2.191
288.387     -2.28
288.254     -2.322
288.208     -2.41
288.163     -2.499
287.938     -2.495
288.029     -2.541
287.896     -2.584
287.671     -2.58
287.758     -2.626
287.625     -2.669
287.492     -2.711
287.4     -2.666
287.267     -2.708
287.221     -2.796
287.087     -2.839
286.863     -2.836
286.95     -2.882
286.817     -2.924
286.683     -2.967
286.546     -3.01
286.458     -2.964
286.325     -3.007
286.233     -2.961
286.1     -3.004
285.967     -3.047
285.875     -3.001
285.788     -2.955
285.563     -2.952
285.654     -2.998
285.517     -3.041
285.471     -3.129
285.425     -3.218
285.379     -3.306
285.333     -3.395
285.288     -3.484
285.154     -3.527
285.108     -3.615
284.975     -3.658
284.929     -3.747
284.883     -3.836
284.837     -3.924
284.879     -4.059
284.925     -4.193
284.967     -4.327
284.921     -4.416
285.008     -4.462
285.1     -4.508
285.188     -4.553
285.325     -4.51
285.413     -4.556
285.5     -4.602
285.592     -4.647
285.679     -4.693
285.771     -4.739
285.858     -4.784
285.904     -4.918
285.946     -5.052
286.038     -5.098
286.079     -5.232
286.033     -5.321
286.079     -5.455
286.121     -5.589
286.167     -5.723
286.121     -5.811
286.167     -5.946
286.121     -6.034
286.163     -6.168
286.208     -6.302
286.163     -6.391
286.208     -6.524
286.163     -6.613
286.117     -6.702
286.163     -6.836
286.25     -6.881
286.296     -7.014
286.342     -7.148
286.429     -7.193
286.521     -7.239
286.608     -7.284
286.654     -7.417
286.7     -7.551
286.746     -7.685
286.792     -7.818
286.833     -7.952
286.792     -8.04
286.746     -8.129
286.7     -8.217
286.746     -8.351
286.7     -8.439
286.654     -8.528
286.608     -8.616
286.567     -8.705
286.521     -8.793
286.475     -8.882
286.429     -8.97
286.383     -9.059
286.25     -9.102
286.204     -9.191
286.158     -9.28
286.117     -9.368
286.071     -9.457
286.025     -9.546
285.979     -9.634
285.933     -9.723
285.887     -9.811
285.846     -9.9
285.8     -9.989
285.663     -10.032
285.617     -10.121
285.483     -10.165
285.346     -10.209
285.213     -10.252
285.075     -10.296
284.983     -10.251
284.846     -10.295
284.804     -10.384
284.758     -10.473
284.712     -10.561
284.667     -10.65
284.621     -10.739
284.575     -10.827
284.621     -10.961
284.575     -11.05
284.529     -11.138
284.396     -11.182
284.35     -11.271
284.213     -11.315
284.121     -11.27
283.983     -11.314
283.892     -11.269
283.758     -11.313
283.667     -11.268
283.575     -11.223
283.483     -11.178
283.346     -11.221
283.213     -11.265
283.075     -11.309
283.029     -11.397
282.983     -11.486
282.938     -11.575
282.892     -11.664
282.754     -11.707
282.708     -11.796
282.754     -11.93
282.708     -12.019
282.754     -12.153
282.846     -12.198
282.933     -12.243
282.979     -12.377
282.933     -12.466
283.025     -12.511
283.071     -12.644
283.025     -12.733
283.071     -12.867
283.025     -12.956
283.071     -13.089
283.029     -13.178
283.075     -13.311
283.167     -13.356
283.213     -13.49
283.167     -13.579
283.213     -13.712
283.167     -13.801
283.213     -13.934
283.167     -14.023
283.121     -14.112
283.075     -14.201
282.938     -14.245
282.892     -14.333
282.754     -14.378
282.617     -14.422
282.479     -14.466
282.383     -14.421
282.292     -14.376
282.2     -14.331
282.108     -14.286
282.017     -14.241
281.971     -14.107
281.879     -14.062
281.833     -13.929
281.788     -13.795
281.742     -13.661
281.696     -13.527
281.65     -13.393
281.604     -13.259
281.65     -13.17
281.604     -13.036
281.65     -12.947
281.608     -12.813
281.563     -12.679
281.608     -12.591
281.654     -12.502
281.792     -12.458
281.837     -12.369
281.883     -12.281
281.837     -12.147
281.746     -12.101
281.658     -12.056
281.567     -12.011
281.475     -11.965
281.383     -11.92
281.292     -11.874
281.2     -11.829
281.108     -11.783
281.021     -11.737
280.929     -11.692
280.792     -11.735
280.7     -11.689
280.563     -11.732
280.471     -11.687
280.333     -11.73
280.196     -11.773
280.104     -11.727
279.967     -11.77
279.879     -11.724
279.788     -11.678
279.696     -11.632
279.604     -11.586
279.517     -11.54
279.425     -11.494
279.333     -11.448
279.292     -11.313
279.246     -11.179
279.204     -11.044
279.113     -10.998
279.071     -10.863
279.025     -10.728
278.938     -10.682
278.892     -10.547
278.85     -10.412
278.896     -10.324
278.854     -10.189
278.9     -10.1
278.858     -9.965
278.904     -9.877
278.95     -9.788
279.087     -9.746
279.133     -9.657
279.183     -9.568
279.137     -9.434
279.05     -9.387
278.958     -9.341
278.871     -9.295
278.825     -9.16
278.738     -9.114
278.692     -8.979
278.742     -8.89
278.696     -8.755
278.746     -8.666
278.7     -8.532
278.75     -8.443
278.796     -8.354
278.842     -8.266
278.887     -8.177
278.933     -8.088
278.892     -7.954
278.938     -7.865
278.987     -7.776
278.942     -7.641
278.992     -7.553
278.946     -7.418
278.904     -7.283
278.95     -7.194
278.908     -7.059
278.954     -6.971
278.913     -6.836
278.958     -6.747
279.004     -6.658
279.054     -6.57
279.008     -6.435
279.058     -6.346
279.104     -6.257
279.058     -6.122
279.017     -5.988
278.975     -5.853
278.887     -5.806
278.842     -5.672
278.754     -5.625
278.713     -5.49
278.625     -5.444
278.533     -5.398
278.446     -5.351
278.354     -5.305
278.267     -5.258
278.179     -5.212
278.137     -5.077
278.092     -4.942
278.05     -4.807
278.096     -4.719
278.233     -4.676
278.279     -4.588
278.325     -4.499
278.371     -4.411
278.508     -4.368
278.554     -4.28
278.6     -4.191
278.646     -4.103
278.783     -4.06
278.829     -3.972
278.875     -3.883
279.012     -3.841
279.058     -3.752
279.192     -3.71
279.238     -3.621
279.375     -3.579
279.421     -3.49
279.554     -3.448
279.692     -3.405
279.779     -3.451
279.867     -3.497
279.958     -3.543
280.046     -3.59
280.133     -3.636
280.225     -3.682
280.267     -3.817
280.221     -3.906
280.308     -3.952
280.35     -4.086
280.442     -4.132
280.575     -4.09
280.713     -4.047
280.8     -4.093
280.933     -4.051
281.071     -4.008
281.158     -4.054
281.25     -4.1
281.337     -4.146
281.425     -4.192
281.471     -4.327
281.558     -4.373
281.6     -4.507
281.692     -4.553
281.779     -4.599
281.913     -4.557
281.963     -4.468
282.096     -4.425
282.229     -4.382
282.275     -4.293
282.321     -4.204
282.371     -4.116
282.417     -4.027
282.371     -3.892
282.417     -3.803
282.463     -3.715
282.508     -3.626
282.554     -3.537
282.6     -3.448
282.646     -3.359
282.696     -3.271
282.829     -3.228
282.875     -3.139
283.008     -3.096
283.054     -3.007
283.1     -2.919
283.238     -2.876
283.283     -2.787
283.417     -2.744
283.554     -2.701
283.6     -2.613
283.733     -2.57
283.779     -2.481
283.913     -2.438
283.958     -2.349
283.917     -2.215
283.829     -2.169
283.737     -2.123
283.696     -1.988
283.608     -1.942
283.517     -1.896
283.429     -1.85
283.342     -1.804
283.25     -1.758
283.163     -1.712
283.075     -1.666
282.938     -1.709
282.85     -1.663
282.717     -1.706
282.625     -1.66
282.492     -1.703
282.404     -1.657
282.313     -1.611
282.225     -1.565
282.137     -1.519
282.046     -1.473
281.958     -1.427
281.917     -1.292
281.829     -1.246
281.783     -1.111
281.829     -1.022
281.788     -0.888
281.833     -0.799
281.879     -0.71
281.925     -0.621
281.971     -0.533
282.017     -0.444
282.063     -0.355
282.108     -0.266
282.154     -0.177
282.2     -0.089
282.25     0
282.383     0.042
282.429     0.131
282.563     0.174
282.608     0.263
282.746     0.306
282.833     0.26
282.967     0.303
283.104     0.345
283.238     0.388
283.325     0.342
283.463     0.385
283.55     0.339
283.683     0.381
283.775     0.335
283.908     0.378
284.042     0.421
284.133     0.374
284.221     0.329
284.354     0.371
284.492     0.414
284.625     0.456
284.758     0.499
284.804     0.588
284.942     0.63
285.075     0.673
285.163     0.627
285.3     0.669
285.433     0.712
285.521     0.666
285.658     0.708
285.792     0.751
285.837     0.839
285.975     0.882
286.021     0.971
285.975     1.105
286.021     1.194
285.979     1.329
286.025     1.417
285.983     1.552
285.942     1.687
285.854     1.733
285.808     1.868
285.767     2.003
285.679     2.049
285.592     2.095
285.5     2.141
285.458     2.276
285.371     2.322
285.283     2.369
285.238     2.503
285.15     2.549
285.108     2.684
285.067     2.819
285.021     2.954
284.979     3.089
285.025     3.178
284.983     3.313
285.029     3.401
285.075     3.49
285.121     3.579
285.167     3.667
285.217     3.756
285.262     3.845
285.308     3.933
285.354     4.022
285.487     4.064
285.538     4.153
285.583     4.242
285.717     4.284
285.762     4.373
285.9     4.415
286.033     4.457
286.171     4.499
286.258     4.453
286.396     4.495
286.483     4.449
286.571     4.402
286.663     4.356
286.75     4.309
286.837     4.263
286.925     4.216
287.017     4.17
287.15     4.212
287.242     4.166
287.375     4.208
287.462     4.161
287.6     4.203
287.646     4.291
287.783     4.333
287.738     4.468
287.788     4.556
287.746     4.691
287.654     4.738
287.613     4.873
287.571     5.008
287.529     5.143
287.575     5.231
287.533     5.366
287.492     5.501
287.538     5.59
287.496     5.725
287.454     5.86
287.5     5.948
287.458     6.083
287.504     6.172
287.462     6.307
287.512     6.395
287.646     6.437
287.692     6.525
287.829     6.567
287.967     6.609
288.1     6.65
288.192     6.603
288.279     6.556
288.367     6.51
288.458     6.463
288.546     6.416
288.633     6.369
288.675     6.234
288.717     6.099
288.762     5.964
288.804     5.829
288.754     5.741
288.796     5.605
288.837     5.47
288.879     5.335
288.921     5.2
288.963     5.065
289.004     4.93
289.046     4.795
289.137     4.748
289.179     4.613
289.221     4.478
289.308     4.431
289.396     4.385
289.483     4.338
289.529     4.203
289.617     4.156
289.704     4.109
289.792     4.062
289.929     4.103
289.975     4.191
290.021     4.279
290.071     4.367
290.029     4.502
290.075     4.59
290.033     4.725
290.079     4.813
290.038     4.948
290.083     5.036
290.046     5.171
290.092     5.259
290.137     5.347
290.183     5.435
290.233     5.523
290.279     5.611
290.325     5.699
290.375     5.786
290.421     5.874
290.471     5.962
290.517     6.05
290.563     6.138
290.521     6.273
290.433     6.32
290.296     6.28
290.208     6.327
290.121     6.374
290.079     6.509
290.038     6.644
289.95     6.692
289.908     6.827
289.867     6.962
289.779     7.009
289.738     7.144
289.646     7.192
289.604     7.327
289.563     7.462
289.521     7.597
289.483     7.733
289.442     7.868
289.488     7.956
289.446     8.091
289.492     8.179
289.454     8.314
289.5     8.403
289.546     8.491
289.596     8.579
289.642     8.667
289.692     8.755
289.738     8.843
289.788     8.931
289.833     9.019
289.971     9.059
290.021     9.147
290.067     9.235
290.204     9.276
290.254     9.364
290.392     9.404
290.525     9.444
290.663     9.485
290.754     9.437
290.842     9.389
290.933     9.342
290.971     9.206
291.063     9.159
291.15     9.111
291.242     9.063
291.329     9.016
291.467     9.056
291.604     9.095
291.742     9.135
291.788     9.223
291.925     9.262
291.975     9.35
291.933     9.485
291.896     9.621
291.804     9.669
291.762     9.804
291.675     9.852
291.587     9.9
291.496     9.948
291.458     10.083
291.367     10.131
291.279     10.179
291.237     10.315
291.196     10.45
291.154     10.586
291.204     10.673
291.162     10.809
291.212     10.897
291.262     10.984
291.221     11.12
291.271     11.208
291.229     11.343
291.187     11.479
291.146     11.614
291.196     11.702
291.154     11.838
291.204     11.925
291.254     12.013
291.212     12.149
291.262     12.236
291.308     12.324
291.271     12.46
291.317     12.548
291.367     12.635
291.417     12.723
291.467     12.81
