171.642     -56.602
171.817     -56.633
171.987     -56.664
172.163     -56.694
172.333     -56.724
172.563     -56.659
172.733     -56.689
172.908     -56.719
173.083     -56.748
173.258     -56.777
173.429     -56.806
173.554     -56.93
173.675     -57.054
173.8     -57.178
173.925     -57.302
173.875     -57.398
173.821     -57.494
174     -57.522
174.179     -57.55
174.308     -57.673
174.254     -57.77
174.383     -57.893
174.333     -57.989
174.463     -58.113
174.413     -58.209
174.358     -58.305
174.308     -58.401
174.492     -58.429
174.625     -58.552
174.808     -58.579
174.992     -58.605
175.179     -58.631
175.363     -58.657
175.55     -58.683
175.733     -58.708
175.871     -58.83
176.058     -58.855
176.246     -58.88
176.433     -58.904
176.621     -58.928
176.808     -58.952
177     -58.975
177.188     -58.999
177.375     -59.021
177.567     -59.044
177.754     -59.066
177.987     -58.991
178.029     -58.893
178.258     -58.817
178.487     -58.741
178.529     -58.643
178.758     -58.566
178.946     -58.587
179.133     -58.607
179.358     -58.529
179.546     -58.549
179.696     -58.666
179.883     -58.686
180.071     -58.704
180.225     -58.821
180.379     -58.938
180.538     -59.054
180.5     -59.153
180.467     -59.251
180.429     -59.349
180.392     -59.448
180.358     -59.546
180.517     -59.662
180.479     -59.761
180.642     -59.877
180.604     -59.976
180.8     -59.993
180.963     -60.109
181.158     -60.127
181.325     -60.242
181.488     -60.357
181.687     -60.374
181.854     -60.489
182.025     -60.603
182.196     -60.717
182.396     -60.733
182.567     -60.847
182.771     -60.862
182.8     -60.763
182.829     -60.664
182.858     -60.565
182.888     -60.466
182.917     -60.367
182.946     -60.268
183.175     -60.183
183.4     -60.098
183.429     -59.999
183.654     -59.913
183.879     -59.827
184.1     -59.741
184.296     -59.753
184.492     -59.765
184.692     -59.777
184.888     -59.789
185.083     -59.8
185.283     -59.811
185.479     -59.821
185.679     -59.832
185.875     -59.842
186.075     -59.851
186.288     -59.761
186.487     -59.77
186.504     -59.671
186.717     -59.58
186.933     -59.489
187.142     -59.397
187.354     -59.305
187.55     -59.312
187.758     -59.22
187.967     -59.127
188.171     -59.034
188.367     -59.04
188.558     -59.046
188.763     -58.951
188.958     -58.956
189.15     -58.961
189.35     -58.866
189.554     -58.771
189.754     -58.675
189.95     -58.579
190.15     -58.482
190.346     -58.385
190.542     -58.288
190.733     -58.191
190.929     -58.093
191.117     -58.095
191.308     -57.996
191.496     -57.897
191.688     -57.799
191.875     -57.799
192.063     -57.8
192.25     -57.8
192.433     -57.8
192.625     -57.899
192.813     -57.999
192.813     -58.099
193.004     -58.197
193.008     -58.297
193.008     -58.397
193.204     -58.496
193.204     -58.596
193.208     -58.696
193.213     -58.796
193.213     -58.896
193.217     -58.996
193.221     -59.096
193.221     -59.196
193.029     -59.297
193.033     -59.397
192.838     -59.499
193.038     -59.598
193.238     -59.696
193.437     -59.794
193.442     -59.894
193.642     -59.892
193.846     -59.99
193.85     -60.09
193.854     -60.19
193.862     -60.29
193.867     -60.39
193.871     -60.49
193.671     -60.592
193.471     -60.594
193.271     -60.696
193.067     -60.797
192.863     -60.798
192.658     -60.799
192.454     -60.8
192.25     -60.8
192.042     -60.8
191.838     -60.799
191.633     -60.798
191.429     -60.697
191.229     -60.596
191.025     -60.594
190.829     -60.492
190.629     -60.39
190.421     -60.487
190.212     -60.584
190.004     -60.681
189.792     -60.777
189.579     -60.873
189.363     -60.969
189.146     -61.064
188.942     -61.059
188.725     -61.153
188.504     -61.248
188.283     -61.341
188.063     -61.435
187.842     -61.528
187.617     -61.621
187.392     -61.713
187.375     -61.813
187.358     -61.913
187.129     -62.005
187.113     -62.104
186.883     -62.196
186.862     -62.296
186.846     -62.395
187.046     -62.503
187.025     -62.603
187.008     -62.702
186.992     -62.802
186.975     -62.902
186.954     -63.001
186.937     -63.101
186.7     -63.192
186.679     -63.292
186.437     -63.383
186.417     -63.482
186.175     -63.573
186.375     -63.682
186.354     -63.781
186.563     -63.89
186.542     -63.989
186.75     -64.097
186.729     -64.197
186.942     -64.305
186.921     -64.405
186.9     -64.504
187.113     -64.612
187.096     -64.712
187.075     -64.812
187.058     -64.911
187.038     -65.011
187.021     -65.111
186.763     -65.202
186.742     -65.302
186.721     -65.401
186.7     -65.501
186.442     -65.592
186.417     -65.691
186.154     -65.782
185.888     -65.872
185.621     -65.961
185.35     -66.05
185.079     -66.139
184.833     -66.127
184.588     -66.116
184.313     -66.203
184.067     -66.191
183.825     -66.178
183.546     -66.264
183.3     -66.25
183.054     -66.236
182.775     -66.321
182.529     -66.306
182.283     -66.291
181.996     -66.374
181.754     -66.358
181.508     -66.341
181.263     -66.325
181.017     -66.307
180.775     -66.29
180.529     -66.272
180.288     -66.254
180.042     -66.236
179.846     -66.118
179.654     -66.001
179.462     -65.883
179.508     -65.785
179.558     -65.687
179.604     -65.589
179.65     -65.491
179.933     -65.412
179.979     -65.314
180.258     -65.234
180.533     -65.154
180.813     -65.074
181.083     -64.993
181.358     -64.911
181.629     -64.829
181.667     -64.73
181.704     -64.632
181.742     -64.533
181.779     -64.434
181.554     -64.418
181.325     -64.401
181.058     -64.483
180.788     -64.564
180.517     -64.644
180.288     -64.626
180.013     -64.706
179.783     -64.687
179.554     -64.668
179.325     -64.648
179.1     -64.628
178.871     -64.607
178.642     -64.587
178.413     -64.566
178.238     -64.447
178.013     -64.425
177.788     -64.403
177.563     -64.381
177.338     -64.358
177.163     -64.238
176.942     -64.214
176.717     -64.191
176.496     -64.167
176.329     -64.046
176.108     -64.021
175.942     -63.899
175.725     -63.874
175.563     -63.752
175.346     -63.727
175.125     -63.701
174.908     -63.674
174.692     -63.648
174.475     -63.621
174.258     -63.594
173.979     -63.662
173.763     -63.634
173.55     -63.606
173.333     -63.577
173.117     -63.548
172.971     -63.423
172.758     -63.394
172.542     -63.364
172.4     -63.239
172.254     -63.113
172.113     -62.987
172.179     -62.892
172.038     -62.766
172.104     -62.671
172.171     -62.576
172.238     -62.481
172.7     -62.129
172.638     -62.225
172.433     -62.195
172.367     -62.29
172.229     -62.164
172.025     -62.134
171.821     -62.103
171.617     -62.072
171.417     -62.041
171.146     -62.104
171.013     -61.977
170.808     -61.944
170.608     -61.912
170.408     -61.879
170.208     -61.846
170.079     -61.718
169.879     -61.684
169.683     -61.651
169.483     -61.616
169.288     -61.582
169.017     -61.641
168.821     -61.606
168.55     -61.664
168.354     -61.628
168.079     -61.685
167.808     -61.741
167.533     -61.797
167.258     -61.853
166.979     -61.908
166.704     -61.962
166.621     -62.054
166.342     -62.108
166.258     -62.2
166.175     -62.292
165.892     -62.345
165.608     -62.397
165.521     -62.489
165.238     -62.541
164.95     -62.591
164.663     -62.642
164.375     -62.691
164.179     -62.65
163.888     -62.699
163.692     -62.656
163.404     -62.704
163.113     -62.751
162.821     -62.798
162.529     -62.844
162.233     -62.889
162.138     -62.979
161.842     -63.024
161.742     -63.113
161.838     -63.247
161.938     -63.381
161.838     -63.471
161.733     -63.56
161.633     -63.649
161.529     -63.738
161.229     -63.781
160.921     -63.824
160.617     -63.866
160.308     -63.908
160.112     -63.861
159.913     -63.814
159.712     -63.766
159.517     -63.718
159.321     -63.67
159.121     -63.622
158.925     -63.573
158.621     -63.611
158.317     -63.649
158.121     -63.599
157.813     -63.635
157.504     -63.671
157.196     -63.706
156.888     -63.741
156.696     -63.689
156.388     -63.723
156.075     -63.756
155.888     -63.704
155.575     -63.736
155.383     -63.682
155.075     -63.713
154.763     -63.743
154.45     -63.773
154.263     -63.719
154.138     -63.802
153.825     -63.83
153.513     -63.858
153.325     -63.802
153.013     -63.829
152.825     -63.773
152.513     -63.799
152.329     -63.742
152.146     -63.684
152.092     -63.546
151.908     -63.488
151.729     -63.431
151.675     -63.291
151.496     -63.234
151.446     -63.094
151.575     -63.013
151.525     -62.874
151.475     -62.735
151.3     -62.677
151.125     -62.618
150.95     -62.56
150.775     -62.501
150.604     -62.442
150.429     -62.383
150.258     -62.324
150.088     -62.264
149.787     -62.284
149.617     -62.224
149.446     -62.164
149.275     -62.104
149.108     -62.043
148.942     -61.982
148.775     -61.921
148.608     -61.86
148.442     -61.799
148.275     -61.738
148.242     -61.597
148.079     -61.536
148.046     -61.395
148.013     -61.255
148.142     -61.177
148.108     -61.037
148.075     -60.896
148.204     -60.818
148.329     -60.739
148.296     -60.599
148.138     -60.537
147.979     -60.476
147.821     -60.414
147.696     -60.492
147.408     -60.507
147.254     -60.444
147.096     -60.382
146.813     -60.396
146.654     -60.332
146.5     -60.269
146.217     -60.282
146.062     -60.218
145.913     -60.154
145.758     -60.09
145.737     -59.949
145.867     -59.872
145.992     -59.796
145.971     -59.656
146.096     -59.579
146.375     -59.566
146.5     -59.489
146.625     -59.412
146.75     -59.335
146.875     -59.257
147     -59.18
147.121     -59.103
147.096     -58.962
147.217     -58.884
147.338     -58.807
147.458     -58.729
147.429     -58.588
147.55     -58.511
147.671     -58.432
147.788     -58.354
147.908     -58.276
148.025     -58.197
148.292     -58.181
148.558     -58.163
148.821     -58.146
149.088     -58.127
149.238     -58.188
149.504     -58.169
149.654     -58.229
149.808     -58.289
149.958     -58.349
150.113     -58.408
150.15     -58.548
150.304     -58.607
150.346     -58.747
150.5     -58.806
150.658     -58.866
150.925     -58.843
151.196     -58.821
151.467     -58.798
151.579     -58.716
151.687     -58.635
151.954     -58.611
152.067     -58.529
152.175     -58.447
152.283     -58.364
152.392     -58.282
152.5     -58.2
152.608     -58.118
152.717     -58.035
152.979     -58.009
153.083     -57.926
153.346     -57.899
153.45     -57.816
153.554     -57.733
153.813     -57.705
153.917     -57.622
154.021     -57.538
153.967     -57.4
154.067     -57.316
154.325     -57.287
154.425     -57.203
154.525     -57.119
154.625     -57.036
154.879     -57.005
154.979     -56.921
155.229     -56.89
155.483     -56.859
155.579     -56.774
155.833     -56.742
156.083     -56.71
156.333     -56.677
156.583     -56.643
156.833     -56.609
156.987     -56.66
157.238     -56.626
157.487     -56.59
157.642     -56.641
157.892     -56.604
157.983     -56.518
157.917     -56.381
158.008     -56.295
158.096     -56.208
158.029     -56.072
158.121     -55.985
158.208     -55.898
158.142     -55.762
158.233     -55.675
158.254     -55.452
158.167     -55.538
158.1     -55.402
157.95     -55.352
157.796     -55.302
157.646     -55.252
157.404     -55.287
157.254     -55.236
157.104     -55.186
156.954     -55.134
156.804     -55.083
156.654     -55.031
156.413     -55.065
156.267     -55.013
156.117     -54.961
155.967     -54.908
155.729     -54.941
155.583     -54.887
155.342     -54.919
155.196     -54.866
155.05     -54.812
154.904     -54.758
154.758     -54.704
154.613     -54.65
154.467     -54.596
154.321     -54.541
154.179     -54.487
154.033     -54.432
153.892     -54.377
153.842     -54.238
153.796     -54.1
153.888     -54.016
153.983     -53.933
154.075     -53.849
154.167     -53.766
154.263     -53.682
154.354     -53.598
154.446     -53.514
154.675     -53.485
154.908     -53.455
155.142     -53.424
155.283     -53.478
155.513     -53.446
155.746     -53.414
155.888     -53.467
156.029     -53.52
156.263     -53.487
156.404     -53.539
156.633     -53.505
156.867     -53.471
157.096     -53.437
157.238     -53.488
157.471     -53.452
157.613     -53.503
157.758     -53.553
157.904     -53.604
157.967     -53.74
158.025     -53.877
158.088     -54.013
158.237     -54.063
158.383     -54.113
158.533     -54.162
158.679     -54.211
158.829     -54.26
158.979     -54.309
159.129     -54.357
159.196     -54.493
159.263     -54.629
159.179     -54.717
159.246     -54.852
159.313     -54.988
159.467     -55.036
159.617     -55.084
159.771     -55.132
159.925     -55.18
160.079     -55.227
160.233     -55.274
160.388     -55.321
160.546     -55.368
160.783     -55.326
160.938     -55.372
161.092     -55.418
161.25     -55.464
161.408     -55.51
161.563     -55.555
161.721     -55.601
161.879     -55.646
162.038     -55.69
162.196     -55.735
162.354     -55.779
162.513     -55.823
162.675     -55.867
162.833     -55.911
162.996     -55.954
163.154     -55.998
163.317     -56.041
163.479     -56.084
163.563     -56.217
163.725     -56.259
163.888     -56.301
164.054     -56.344
164.292     -56.294
164.379     -56.427
164.471     -56.559
164.708     -56.509
164.783     -56.418
164.692     -56.286
164.767     -56.195
164.842     -56.104
164.913     -56.012
164.987     -55.921
165.221     -55.87
165.383     -55.911
165.621     -55.859
165.783     -55.899
165.946     -55.938
166.108     -55.977
166.275     -56.016
166.438     -56.055
166.604     -56.094
166.771     -56.132
166.933     -56.17
167.171     -56.115
167.333     -56.152
167.5     -56.19
167.667     -56.227
167.833     -56.264
168     -56.3
168.171     -56.337
168.404     -56.279
168.571     -56.315
168.737     -56.351
168.971     -56.292
169.138     -56.327
169.308     -56.362
169.475     -56.397
169.646     -56.431
169.875     -56.371
170.046     -56.404
170.217     -56.438
170.446     -56.377
170.617     -56.41
170.788     -56.442
170.958     -56.474
171.129     -56.507
171.3     -56.539
171.471     -56.57
171.642     -56.602
